   0.999969000000000  -0.000000331334000
   0.999843000000000  -0.000001657080000
   0.999591000000000  -0.000004310240000
   0.999214000000000  -0.000008294120000
   0.998712000000000  -0.000013613700000
   0.998084000000000  -0.000020275800000
   0.997331000000000  -0.000028288700000
   0.996453000000000  -0.000037662700000
   0.995450000000000  -0.000048409800000
   0.994322000000000  -0.000060543800000
   0.993071000000000  -0.000074080700000
   0.991695000000000  -0.000089038200000
   0.990197000000000  -0.000105436000000
   0.988575000000000  -0.000123297000000
   0.986831000000000  -0.000142644000000
   0.984964000000000  -0.000163504000000
   0.982976000000000  -0.000185905000000
   0.980867000000000  -0.000209880000000
   0.978638000000000  -0.000235462000000
   0.976289000000000  -0.000262687000000
   0.973820000000000  -0.000291593000000
   0.971233000000000  -0.000322224000000
   0.968529000000000  -0.000354623000000
   0.965707000000000  -0.000388838000000
   0.962769000000000  -0.000424919000000
   0.959715000000000  -0.000462919000000
   0.956547000000000  -0.000502895000000
   0.953265000000000  -0.000544907000000
   0.949871000000000  -0.000589017000000
   0.946364000000000  -0.000635290000000
   0.942746000000000  -0.000683796000000
   0.939018000000000  -0.000734606000000
   0.935182000000000  -0.000787796000000
   0.931237000000000  -0.000843443000000
   0.927185000000000  -0.000901629000000
   0.923028000000000  -0.000962439000000
   0.918765000000000  -0.001025960000000
   0.914400000000000  -0.001092280000000
   0.909931000000000  -0.001161490000000
   0.905362000000000  -0.001233690000000
   0.900693000000000  -0.001308970000000
   0.895925000000000  -0.001387440000000
   0.891059000000000  -0.001469190000000
   0.886097000000000  -0.001554340000000
   0.881040000000000  -0.001642980000000
   0.875890000000000  -0.001735210000000
   0.870648000000000  -0.001831160000000
   0.865314000000000  -0.001930930000000
   0.859892000000000  -0.002034620000000
   0.854381000000000  -0.002142350000000
   0.848784000000000  -0.002254220000000
   0.843102000000000  -0.002370340000000
   0.837336000000000  -0.002490820000000
   0.831488000000000  -0.002615770000000
   0.825559000000000  -0.002745290000000
   0.819552000000000  -0.002879480000000
   0.813467000000000  -0.003018440000000
   0.807306000000000  -0.003162270000000
   0.801070000000000  -0.003311070000000
   0.794762000000000  -0.003464920000000
   0.788383000000000  -0.003623910000000
   0.781934000000000  -0.003788110000000
   0.775418000000000  -0.003957610000000
   0.768835000000000  -0.004132470000000
   0.762188000000000  -0.004312760000000
   0.755478000000000  -0.004498520000000
   0.748707000000000  -0.004689820000000
   0.741877000000000  -0.004886680000000
   0.734989000000000  -0.005089150000000
   0.728045000000000  -0.005297240000000
   0.721047000000000  -0.005510980000000
   0.713997000000000  -0.005730350000000
   0.706896000000000  -0.005955370000000
   0.699746000000000  -0.006186000000000
   0.692549000000000  -0.006422230000000
   0.685307000000000  -0.006664010000000
   0.678021000000000  -0.006911300000000
   0.670694000000000  -0.007164020000000
   0.663328000000000  -0.007422100000000
   0.655923000000000  -0.007685460000000
   0.648482000000000  -0.007953980000000
   0.641007000000000  -0.008227560000000
   0.633499000000000  -0.008506060000000
   0.625961000000000  -0.008789330000000
   0.618394000000000  -0.009077220000000
   0.610800000000000  -0.009369550000000
   0.603181000000000  -0.009666130000000
   0.595539000000000  -0.009966770000000
   0.587876000000000  -0.010271200000000
   0.580194000000000  -0.010579300000000
   0.572494000000000  -0.010890700000000
   0.564778000000000  -0.011205200000000
   0.557048000000000  -0.011522500000000
   0.549307000000000  -0.011842300000000
   0.541555000000000  -0.012164300000000
   0.533796000000000  -0.012488200000000
   0.526030000000000  -0.012813600000000
   0.518259000000000  -0.013140200000000
   0.510486000000000  -0.013467700000000
   0.502712000000000  -0.013795600000000
   0.494940000000000  -0.014123500000000
   0.487170000000000  -0.014451100000000
   0.479405000000000  -0.014777900000000
   0.471647000000000  -0.015103600000000
   0.463898000000000  -0.015427600000000
   0.456158000000000  -0.015749500000000
   0.448431000000000  -0.016068800000000
   0.440718000000000  -0.016385200000000
   0.433021000000000  -0.016698000000000
   0.425342000000000  -0.017006900000000
   0.417681000000000  -0.017311300000000
   0.410042000000000  -0.017610700000000
   0.402438000000000  -0.017904700000000
   0.394920000000000  -0.018198100000000
   0.387480000000000  -0.018498000000000
   0.380069000000000  -0.018806200000000
   0.372689000000000  -0.019122200000000
   0.365340000000000  -0.019445100000000
   0.358025000000000  -0.019774300000000
   0.350745000000000  -0.020108900000000
   0.343502000000000  -0.020448200000000
   0.336297000000000  -0.020791400000000
   0.329131000000000  -0.021137700000000
   0.322007000000000  -0.021486300000000
   0.314925000000000  -0.021836500000000
   0.307888000000000  -0.022187300000000
   0.300896000000000  -0.022538000000000
   0.293951000000000  -0.022887700000000
   0.287054000000000  -0.023235600000000
   0.280208000000000  -0.023580900000000
   0.273412000000000  -0.023922800000000
   0.266670000000000  -0.024260300000000
   0.259981000000000  -0.024592800000000
   0.253349000000000  -0.024919300000000
   0.246773000000000  -0.025239000000000
   0.240255000000000  -0.025551100000000
   0.233797000000000  -0.025854800000000
   0.227401000000000  -0.026149200000000
   0.221066000000000  -0.026433600000000
   0.214795000000000  -0.026707200000000
   0.208590000000000  -0.026969100000000
   0.202451000000000  -0.027218600000000
   0.196379000000000  -0.027454900000000
   0.190377000000000  -0.027677200000000
   0.184445000000000  -0.027884800000000
   0.178584000000000  -0.028077000000000
   0.172797000000000  -0.028252900000000
   0.167083000000000  -0.028412000000000
   0.161445000000000  -0.028553400000000
   0.155884000000000  -0.028676600000000
   0.150401000000000  -0.028780700000000
   0.144997000000000  -0.028865200000000
   0.139673000000000  -0.028929400000000
   0.134432000000000  -0.028972700000000
   0.129273000000000  -0.028994400000000
   0.124198000000000  -0.028994000000000
   0.119208000000000  -0.028970800000000
   0.114305000000000  -0.028924300000000
   0.109490000000000  -0.028853900000000
   0.104764000000000  -0.028759100000000
   0.100127000000000  -0.028639400000000
   0.095581900000000  -0.028494200000000
   0.091129000000000  -0.028323100000000
   0.086769500000000  -0.028125600000000
   0.082504500000000  -0.027901200000000
   0.078335100000000  -0.027649500000000
   0.074262500000000  -0.027370100000000
   0.070287600000000  -0.027062500000000
   0.066411600000000  -0.026726400000000
   0.062635500000000  -0.026361400000000
   0.058960300000000  -0.025967000000000
   0.055387000000000  -0.025543100000000
   0.051916600000000  -0.025089100000000
   0.048550100000000  -0.024604900000000
   0.045288400000000  -0.024090100000000
   0.042132500000000  -0.023544500000000
   0.039083200000000  -0.022967700000000
   0.036141600000000  -0.022359400000000
   0.033308400000000  -0.021719600000000
   0.030584600000000  -0.021047800000000
   0.027970900000000  -0.020344000000000
   0.025468100000000  -0.019607900000000
   0.023077100000000  -0.018839200000000
   0.020798600000000  -0.018037900000000
   0.018633400000000  -0.017203800000000
   0.016582100000000  -0.016336700000000
   0.014645500000000  -0.015436400000000
   0.012824200000000  -0.014503000000000
   0.011118800000000  -0.013536100000000
   0.009530010000000  -0.012535800000000
   0.008058380000000  -0.011501900000000
   0.006704440000000  -0.010434400000000
   0.005468740000000  -0.009333140000000
   0.004351770000000  -0.008198150000000
   0.003354000000000  -0.007029360000000
   0.002475870000000  -0.005826720000000
   0.001717790000000  -0.004590220000000
   0.001080150000000  -0.003319850000000
   0.000563301000000  -0.002015610000000
   0.000167557000000  -0.000677512000000
  -0.000105873000000   0.000689847000000
  -0.000254898000000   0.002077280000000
  -0.000278372000000   0.003480120000000
  -0.000176096000000   0.004898240000000
   0.000052098900000   0.006331480000000
   0.000406352000000   0.007779600000000
   0.000886771000000   0.009242350000000
   0.001493430000000   0.010719400000000
   0.002226380000000   0.012210400000000
   0.003085630000000   0.013715000000000
   0.004071150000000   0.015232700000000
   0.005182910000000   0.016763000000000
   0.006420820000000   0.018305400000000
   0.007784750000000   0.019859300000000
   0.009274570000000   0.021424000000000
   0.010890100000000   0.022999100000000
   0.012631100000000   0.024583700000000
   0.014497300000000   0.026177100000000
   0.016488500000000   0.027778500000000
   0.018604400000000   0.029387200000000
   0.020844500000000   0.031002300000000
   0.023208500000000   0.032622900000000
   0.025696000000000   0.034248100000000
   0.028306500000000   0.035876900000000
   0.031039500000000   0.037508500000000
   0.033894500000000   0.039141800000000
   0.036871000000000   0.040775800000000
   0.039968300000000   0.042409400000000
   0.043185700000000   0.044041600000000
   0.046522700000000   0.045671300000000
   0.049978400000000   0.047297300000000
   0.053552200000000   0.048918500000000
   0.057243300000000   0.050533900000000
   0.061050700000000   0.052142100000000
   0.064973800000000   0.053742100000000
   0.069011500000000   0.055332600000000
   0.073162900000000   0.056912500000000
   0.077427000000000   0.058480600000000
   0.081802900000000   0.060035500000000
   0.086289400000000   0.061576200000000
   0.090885600000000   0.063101400000000
   0.095590100000000   0.064609900000000
   0.100402000000000   0.066100400000000
   0.105320000000000   0.067571700000000
   0.110343000000000   0.069022700000000
   0.115469000000000   0.070452100000000
   0.120697000000000   0.071858700000000
   0.126027000000000   0.073241300000000
   0.131456000000000   0.074598800000000
   0.136983000000000   0.075930000000000
   0.142606000000000   0.077233600000000
   0.148325000000000   0.078508700000000
   0.154137000000000   0.079754100000000
   0.160041000000000   0.080968600000000
   0.166036000000000   0.082151200000000
   0.172119000000000   0.083300900000000
   0.178290000000000   0.084416500000000
   0.184546000000000   0.085497200000000
   0.190886000000000   0.086541800000000
   0.197307000000000   0.087549500000000
   0.203809000000000   0.088519300000000
   0.210390000000000   0.089450300000000
   0.217046000000000   0.090341600000000
   0.223778000000000   0.091192500000000
   0.230582000000000   0.092002000000000
   0.237457000000000   0.092769500000000
   0.244401000000000   0.093494100000000
   0.251412000000000   0.094175200000000
   0.258488000000000   0.094812100000000
   0.265628000000000   0.095404200000000
   0.272828000000000   0.095950800000000
   0.280087000000000   0.096451400000000
   0.287403000000000   0.096905500000000
   0.294773000000000   0.097312600000000
   0.302197000000000   0.097672200000000
   0.309671000000000   0.097984000000000
   0.317193000000000   0.098247600000000
   0.324762000000000   0.098462500000000
   0.332376000000000   0.098628600000000
   0.340031000000000   0.098745700000000
   0.347726000000000   0.098813400000000
   0.355459000000000   0.098831600000000
   0.363228000000000   0.098800200000000
   0.371030000000000   0.098719000000000
   0.378863000000000   0.098588100000000
   0.386726000000000   0.098407500000000
   0.394615000000000   0.098177100000000
   0.402478000000000   0.097899800000000
   0.410302000000000   0.097584400000000
   0.418137000000000   0.097236700000000
   0.425991000000000   0.096857200000000
   0.433862000000000   0.096446200000000
   0.441748000000000   0.096004000000000
   0.449647000000000   0.095531000000000
   0.457558000000000   0.095027700000000
   0.465477000000000   0.094494300000000
   0.473404000000000   0.093931300000000
   0.481336000000000   0.093339100000000
   0.489271000000000   0.092718200000000
   0.497207000000000   0.092069000000000
   0.505141000000000   0.091392000000000
   0.513073000000000   0.090687700000000
   0.520999000000000   0.089956500000000
   0.528919000000000   0.089199100000000
   0.536829000000000   0.088416000000000
   0.544728000000000   0.087607600000000
   0.552615000000000   0.086774600000000
   0.560486000000000   0.085917600000000
   0.568339000000000   0.085037000000000
   0.576174000000000   0.084133500000000
   0.583988000000000   0.083207700000000
   0.591779000000000   0.082260200000000
   0.599545000000000   0.081291700000000
   0.607284000000000   0.080302800000000
   0.614994000000000   0.079294000000000
   0.622674000000000   0.078266200000000
   0.630321000000000   0.077219900000000
   0.637933000000000   0.076155800000000
   0.645509000000000   0.075074600000000
   0.653047000000000   0.073976900000000
   0.660544000000000   0.072863600000000
   0.668000000000000   0.071735200000000
   0.675412000000000   0.070592500000000
   0.682778000000000   0.069436300000000
   0.690097000000000   0.068267200000000
   0.697367000000000   0.067086000000000
   0.704585000000000   0.065893400000000
   0.711751000000000   0.064690100000000
   0.718863000000000   0.063477000000000
   0.725918000000000   0.062254700000000
   0.732915000000000   0.061024100000000
   0.739853000000000   0.059785900000000
   0.746729000000000   0.058540800000000
   0.753543000000000   0.057289700000000
   0.760292000000000   0.056033400000000
   0.766975000000000   0.054772600000000
   0.773590000000000   0.053508100000000
   0.780135000000000   0.052240800000000
   0.786610000000000   0.050971300000000
   0.793012000000000   0.049700600000000
   0.799341000000000   0.048429400000000
   0.805593000000000   0.047158600000000
   0.811769000000000   0.045888800000000
   0.817867000000000   0.044621100000000
   0.823884000000000   0.043356100000000
   0.829821000000000   0.042094700000000
   0.835674000000000   0.040837700000000
   0.841444000000000   0.039586000000000
   0.847128000000000   0.038340200000000
   0.852726000000000   0.037101400000000
   0.858235000000000   0.035870200000000
   0.863656000000000   0.034647400000000
   0.868985000000000   0.033434000000000
   0.874223000000000   0.032230700000000
   0.879368000000000   0.031038300000000
   0.884419000000000   0.029857500000000
   0.889375000000000   0.028689300000000
   0.894234000000000   0.027534500000000
   0.898995000000000   0.026393700000000
   0.903658000000000   0.025267700000000
   0.908221000000000   0.024157500000000
   0.912684000000000   0.023063600000000
   0.917044000000000   0.021987000000000
   0.921302000000000   0.020928200000000
   0.925456000000000   0.019888200000000
   0.929506000000000   0.018867600000000
   0.933450000000000   0.017867100000000
   0.937288000000000   0.016887500000000
   0.941018000000000   0.015929500000000
   0.944640000000000   0.014993700000000
   0.948153000000000   0.014080900000000
   0.951557000000000   0.013191600000000
   0.954850000000000   0.012326600000000
   0.958032000000000   0.011486400000000
   0.961102000000000   0.010671800000000
   0.964059000000000   0.009883250000000
   0.966903000000000   0.009121390000000
   0.969634000000000   0.008386790000000
   0.972250000000000   0.007679990000000
   0.974751000000000   0.007001520000000
   0.977136000000000   0.006351890000000
   0.979406000000000   0.005731600000000
   0.981558000000000   0.005141120000000
   0.983594000000000   0.004580890000000
   0.985512000000000   0.004051340000000
   0.987313000000000   0.003552880000000
   0.988995000000000   0.003085890000000
   0.990558000000000   0.002650730000000
   0.992003000000000   0.002247730000000
   0.993328000000000   0.001877200000000
   0.994534000000000   0.001539440000000
   0.995619000000000   0.001234690000000
   0.996585000000000   0.000963212000000
   0.997431000000000   0.000725200000000
   0.998156000000000   0.000520845000000
   0.998760000000000   0.000350304000000
   0.999244000000000   0.000213711000000
   0.999607000000000   0.000111174000000
   0.999849000000000   0.000042770400000
   0.999970000000000   0.000008555410000