   1.000000000000000                   0
   0.999937131463199  -0.000000662667389
   0.999748543370224  -0.000002651496931
   0.999434288264700  -0.000005968974660
   0.998994453690496  -0.000010619256947
   0.998429162148535  -0.000016608189851
   0.997738571036447  -0.000023943335965
   0.996922872571194  -0.000032634008512
   0.995982293694837  -0.000042691312378
   0.994917095963621  -0.000054128191713
   0.993727575420617  -0.000066959483648
   0.992414062452177  -0.000081201977626
   0.990976921628484  -0.000096874479788
   0.989416551528520  -0.000113997881791
   0.987733384549803  -0.000132595233381
   0.985927886703244  -0.000152691818000
   0.984000557393536  -0.000174315230654
   0.981951929185488  -0.000197495457222
   0.979782567556725  -0.000222264954363
   0.977493070637228  -0.000248658729122
   0.975084068936163  -0.000276714417322
   0.972556225056490  -0.000306472359794
   0.969910233397851  -0.000337975675484
   0.967146819848211  -0.000371270330452
   0.964266741464792  -0.000406405201777
   0.961270786144780  -0.000443432135358
   0.958159772286339  -0.000482405996638
   0.954934548440423  -0.000523384713225
   0.951595992953909  -0.000566429308464
   0.948145013604535  -0.000611603924965
   0.944582547228153  -0.000658975837159
   0.940909559338773  -0.000708615451952
   0.937127043741859  -0.000760596296606
   0.933236022141360  -0.000814994992975
   0.929237543740893  -0.000871891217307
   0.925132684839520  -0.000931367644838
   0.920922548422519  -0.000993509878473
   0.916608263747539  -0.001058406360901
   0.912190985926507  -0.001126148269545
   0.907671895503627  -0.001196829393822
   0.903052198029797  -0.001270545994254
   0.898333123633741  -0.001347396643038
   0.893515926590129  -0.001427482045760
   0.888601884884941  -0.001510904844029
   0.883592299778295  -0.001597769398870
   0.878488495364941  -0.001688181554811
   0.873291818132603  -0.001782248384678
   0.868003636518323  -0.001880077915215
   0.862625340462938  -0.001981778833707
   0.857158340963791  -0.002087460175909
   0.851604069625779  -0.002197230995645
   0.845963978210796  -0.002311200016549
   0.840239538185625  -0.002429475266511
   0.834432240268300  -0.002552163695474
   0.828543593972974  -0.002679370777317
   0.822575127153272  -0.002811200096664
   0.816528385544137  -0.002947752921517
   0.810404932302128  -0.003089127762730
   0.804206347544157  -0.003235419921391
   0.797934227884618  -0.003386721025275
   0.791590185970862  -0.003543118555610
   0.785175850016983  -0.003704695365455
   0.778692863335857  -0.003871529191069
   0.772142883869401  -0.004043692157716
   0.765527583717001  -0.004221250281390
   0.758848648662072  -0.004404262968027
   0.752107777696736  -0.004592782511791
   0.745306682544577  -0.004786853594095
   0.738447087181488  -0.004986512785011
   0.731530727354595  -0.005191788048805
   0.724559350099286  -0.005402698255320
   0.717534713254393  -0.005619252698957
   0.710458584975553  -0.005841450627037
   0.703332743246852  -0.006069280779286
   0.696158975390820  -0.006302720940234
   0.688939077576902  -0.006541737506272
   0.681674854328551  -0.006786285069117
   0.674368118029070  -0.007036306017391
   0.667020688426427  -0.007291730158008
   0.659634392137203  -0.007552474359023
   0.652211062149940  -0.007818442215530
   0.644752537328114  -0.008089523740188
   0.637260661913012  -0.008365595079834
   0.629737285026813  -0.008646518259652
   0.622184260176194  -0.008932140956225
   0.614603444756777  -0.009222296300761
   0.606996699558799  -0.009516802713700
   0.599365888274366  -0.009815463771792
   0.591712877006673  -0.010118068108668
   0.584039533781618  -0.010424389349827
   0.576347728062205  -0.010734186082828
   0.568639330266174  -0.011047201863405
   0.560916211287303  -0.011363165258085
   0.553180242020801  -0.011681789923784
   0.545433292893271  -0.012002774724730
   0.537677233397661  -0.012325803886952
   0.529913931633674  -0.012650547190427
   0.522145253854059  -0.012976660198882
   0.514373064017244  -0.013303784527094
   0.506599223346713  -0.013631548145417
   0.498825589897555  -0.013959565721135
   0.491054018130594  -0.014287438996103
   0.483286358494460  -0.014614757200035
   0.475524457015984  -0.014941097498629
   0.467770154899253  -0.015266025475651
   0.460025288133622  -0.015589095647929
   0.452291687111002  -0.015909852012107
   0.444571176252650  -0.016227828621907
   0.436865573645705  -0.016542550194513
   0.429176690689651  -0.016853532744594
   0.421506331752864  -0.017160284244370
   0.413856293839364  -0.017462305308049
   0.406228366265841  -0.017759089898838
   0.398646802875185  -0.018050384504589
   0.391192931671234  -0.018345844947639
   0.383767126804577  -0.018650076931630
   0.376370970632629  -0.018962371093248
   0.369006033916787  -0.019282002277774
   0.361673875863383  -0.019608230586420
   0.354376044183428  -0.019940302438236
   0.347114075170088  -0.020277451643959
   0.339889493792783  -0.020618900489118
   0.332703813806695  -0.020963860823751
   0.325558537876374  -0.021311535156067
   0.318455157712092  -0.021661117747435
   0.311395154217480  -0.022011795706095
   0.304379997646947  -0.022362750077017
   0.297411147771304  -0.022713156925410
   0.290490054049980  -0.023062188411404
   0.283618155808155  -0.023409013853513
   0.276796882417106  -0.023752800778556
   0.270027653476045  -0.024092715955772
   0.263311878993684  -0.024427926412982
   0.256650959567777  -0.024757600432719
   0.250046286560860  -0.025080908526341
   0.243499242270440  -0.025397024384274
   0.237011200091881  -0.025705125800599
   0.230583524672270  -0.026004395570347
   0.224217572053565  -0.026294022357965
   0.217914689803387  -0.026573201535520
   0.211676217131847  -0.026841135989380
   0.205503484992870  -0.027097036894169
   0.199397816168537  -0.027340124452989
   0.193360525335039  -0.027569628602973
   0.187392919108926  -0.027784789685405
   0.181496296072400  -0.027984859079743
   0.175671946776521  -0.028169099801040
   0.169921153721275  -0.028336787060356
   0.164245191311566  -0.028487208787911
   0.158645325788303  -0.028619666118834
   0.153122815133867  -0.028733473841517
   0.147678908951359  -0.028827960808660
   0.142314848317159  -0.028902470311274
   0.137031865606442  -0.028956360415969
   0.131831184291427  -0.028989004266010
   0.126714018712268  -0.028999790346707
   0.121681573820609  -0.028988122715837
   0.116735044895979  -0.028953421199873
   0.111875617235311  -0.028895121556913
   0.107104465816001  -0.028812675607279
   0.102422754933055  -0.028705551332863
   0.097831637810997  -0.028573232946360
   0.093332256191319  -0.028415220931621
   0.088925739896389  -0.028231032056423
   0.084613206370829  -0.028020199359021
   0.080395760201508  -0.027782272109909
   0.076274492617366  -0.027516815750275
   0.072250480970425  -0.027223411808673
   0.068324788199389  -0.026901657797498
   0.064498462277371  -0.026551167090852
   0.060772535645324  -0.026171568785475
   0.057148024632842  -0.025762507546375
   0.053625928868079  -0.025323643438864
   0.050207230678548  -0.024854651748691
   0.046892894484666  -0.024355222791971
   0.043683866187902  -0.023825061716635
   0.040581072555459  -0.023263888297075
   0.037585420603406  -0.022671436723708
   0.034697796980236  -0.022047455389106
   0.031919067352792  -0.021391706672358
   0.029250075796526  -0.020703966723300
   0.026691644192038  -0.019984025248190
   0.024244571629822  -0.019231685298400
   0.021909633825118  -0.018446763063629
   0.019687582544741  -0.017629087671124
   0.017579145047695  -0.016778500992303
   0.015585023541354  -0.015894857458161
   0.013705894654906  -0.014978023884752
   0.011942408931698  -0.014027879309981
   0.010295190342055  -0.013044314842884
   0.008764835818048  -0.012027233526491
   0.007351914811603  -0.010976550215282
   0.006056968877248  -0.009892191468207
   0.004880511280703  -0.008774095458103
   0.003823026634393  -0.007622211898311
   0.002884970560865  -0.006436501987172
   0.002066769384986  -0.005216938371015
   0.001368819855651  -0.003963505126144
   0.000791488897635  -0.002676197760247
   0.000335113394081  -0.001355023233558
                   0                   0
  -0.000211745875742   0.001379694834783
  -0.000298049263367   0.002774855251766
  -0.000258694817621   0.004185376086550
  -0.000093497813258   0.005611105960274
   0.000197695706007   0.007051847386632
   0.000615008762527   0.008507356957922
   0.001158533264117   0.009977345609690
   0.001828329808274   0.011461478963392
   0.002624427471840   0.012959377746301
   0.003546823586814   0.014470618287801
   0.004595483503171   0.015994733090984
   0.005770340339613   0.017531211478399
   0.007071294723328   0.019079500310591
   0.008498214519898   0.020639004775972
   0.010050934554629   0.022209089250414
   0.011729256326628   0.023789078224814
   0.013532947717084   0.025378257298772
   0.015461742693235   0.026975874238371
   0.017515341009632   0.028581140095947
   0.019693407908321   0.030193230389623
   0.021995573819663   0.031811286340254
   0.024421434065539   0.033434416163330
   0.026970548566727   0.035061696413298
   0.029642441556289   0.036692173377649
   0.032436601300811   0.038324864518040
   0.035352479831353   0.039958759955627
   0.038389492686007   0.041592823997735
   0.041547018665902   0.043225996702872
   0.044824399606542   0.044857195481095
   0.048220940166308   0.046485316726614
   0.051735907633935   0.048109237479529
   0.055368531756748   0.049727817113504
   0.059118004591384   0.051339899046185
   0.062983480378690   0.052944312469115
   0.066964075444400   0.054539874093892
   0.071058868127156   0.056125389911304
   0.075266898735341   0.057699656960163
   0.079587169534119   0.059261465102557
   0.084018644763980   0.060809598802280
   0.088560250691998   0.062342838903176
   0.093210875696908   0.063859964404182
   0.097969370388998   0.065359754227894
   0.102834547765691   0.066840988979506
   0.107805183403602   0.068302452693018
   0.112880015687701   0.069742934561694
   0.118057746078113   0.071161230649764
   0.123337039414949   0.072556145582493
   0.128716524261430   0.073926494211762
   0.134194793285452   0.075271103254436
   0.139770403679586   0.076588812900844
   0.145441877619383   0.077878478390833
   0.151207702759745   0.079138971554927
   0.157066332768952   0.080369182318252
   0.163016187899827   0.081568020164992
   0.169055655597416   0.082734415561266
   0.175183091142384   0.083867321334447
   0.181396818329256   0.084965714007043
   0.187695130178487   0.086028595083441
   0.194076289681246   0.087054992287915
   0.200538530575679   0.088043960752438
   0.207080058153334   0.088994584153015
   0.213699050094304   0.089905975793364
   0.220393657329598   0.090777279634928
   0.227162004929122   0.091607671272366
   0.234002193013611   0.092396358853793
   0.240912297688769   0.093142583945217
   0.247890371999815   0.093845622338737
   0.254934446904601   0.094504784804255
   0.262042532263382   0.095119417784559
   0.269212617843347   0.095688904033813
   0.276442674335930   0.096212663199620
   0.283730654384947   0.096690152348950
   0.291074493623588   0.097120866438393
   0.298472111718273   0.097504338729299
   0.305921413417430   0.097840141148509
   0.313420289603230   0.098127884595507
   0.320966618344369   0.098367219196933
   0.328558265948013   0.098557834509502
   0.336193088009067   0.098699459672506
   0.343868930454965   0.098791863511140
   0.351583630584268   0.098834854592011
   0.359335018097387   0.098828281232257
   0.367120916117840   0.098772031463789
   0.374939142202516   0.098666032954232
   0.382787509339518   0.098510252886198
   0.390663826932223   0.098304697796592
   0.398565901768302   0.098049413377663
   0.406390319148435   0.097750243719861
   0.414214605881227   0.097418528896320
   0.422059203206905   0.097054842253463
   0.429922077372766   0.096659495834233
   0.437801192789991   0.096232820971738
   0.445694512656305   0.095775167811117
   0.453599999570484   0.095286904828315
   0.461515616138533   0.094768418347302
   0.469439325571434   0.094220112057261
   0.477369092274373   0.093642406531151
   0.485302882427412   0.093035738747001
   0.493238664557586   0.092400561613192
   0.501174410102445   0.091737343498912
   0.509108093965108   0.091046567770869
   0.517037695060884   0.090328732337254
   0.524961196855584   0.089584349199864
   0.532876587895640   0.088813944015178
   0.540781862330184   0.088018055665087
   0.548675020425243   0.087197235837893
   0.556554069070244   0.086352048620059
   0.564417022277002   0.085483070099118
   0.572261901671408   0.084590887978040
   0.580086736978026   0.083676101201244
   0.587889566497791   0.082739319592347
   0.595668437579051   0.081781163503659
   0.603421407082146   0.080802263477313
   0.611146541837743   0.079803259917833
   0.618841919099129   0.078784802775862
   0.626505626988661   0.077747551242668
   0.634135764938560   0.076692173454976
   0.641730444126217   0.075619346209574
   0.649287787904189   0.074529754687097
   0.656805932225007   0.073424092184280
   0.664283026060946   0.072303059853944
   0.671717231818864   0.071167366451885
   0.679106725750186   0.070017728089809
   0.686449698356127   0.068854867993386
   0.693744354788187   0.067679516264452
   0.700988915243961   0.066492409646369
   0.708181615358256   0.065294291291496
   0.715320706589519   0.064085910529722
   0.722404456601522   0.062868022636964
   0.729431149640261   0.061641388602565
   0.736399086905979   0.060406774894463
   0.743306586920227   0.059164953221056
   0.750151985887831   0.057916700288663
   0.756933638053636   0.056662797553497
   0.763649916053877   0.055404030967104
   0.770299211261996   0.054141190714220
   0.776879934128730   0.052875070942057
   0.783390514516274   0.051606469480041
   0.789829402026296   0.050336187549084
   0.796195066321611   0.049065029459526
   0.802485997441266   0.047793802296901
   0.808700706108819   0.046523315594793
   0.814837724033577   0.045254380994063
   0.820895604204553   0.043987811887816
   0.826872921176911   0.042724423051555
   0.832768271350678   0.041465030258022
   0.838580273241474   0.040210449876327
   0.844307567743064   0.038961498455021
   0.849948818381518   0.037718992288890
   0.855502711560769   0.036483746969277
   0.860967956799398   0.035256576917891
   0.866343286958473   0.034038294904084
   0.871627458460286   0.032829711545732
   0.876819251497857   0.031631634793882
   0.881917470235090   0.030444869401470
   0.886920942997494   0.029270216376472
   0.891828522453388   0.028108472419940
   0.896639085785561   0.026960429349499
   0.901351534853350   0.025826873508902
   0.905964796345150   0.024708585164396
   0.910477821921396   0.023606337888674
   0.914889588348055   0.022520897933313
   0.919199097620731   0.021453023590640
   0.923405377079496   0.020403464546065
   0.927507479514572   0.019372961221982
   0.931504483263051   0.018362244114394
   0.935395492296831   0.017372033123505
   0.939179636302005   0.016403036879548
   0.942856070749921   0.015455952065200
   0.946423976960215   0.014531462735960
   0.949882562156081   0.013630239639925
   0.953231059512110   0.012752939538422
   0.956468728195022   0.011900204529003
   0.959594853397642   0.011072661372308
   0.962608746366507   0.010270920824370
   0.965509744423459   0.009495576975888
   0.968297210981656   0.008747206600053
   0.970970535556374   0.008026368510507
   0.973529133771055   0.007333602930968
   0.975972447358991   0.006669430878125
   0.978299944161102   0.006034353559310
   0.980511118120218   0.005428851786486
   0.982605489272310   0.004853385408050
   0.984582603735095   0.004308392759910
   0.986442033694433   0.003794290137264
   0.988183377388944   0.003311471288463
   0.989806259093245   0.002860306932308
   0.991310329100205   0.002441144300032
   0.992695263702597   0.002054306703236
   0.993960765174521   0.001700093128891
   0.995106561752937   0.001378777862541
   0.996132407619641   0.001090610140705
   0.997038082883986   0.000835813833431
   0.997823393566633   0.000614587157878
   0.998488171584593   0.000427102423694
   0.999032274737776   0.000273505810916
   0.999455586697270   0.000153917180975
   0.999758016995507   0.000068429921351
   0.999939501018461   0.000017110824304
   1.000000000000000                   0