   1.012000000000000  -0.000800000000000
   1.011935740000000  -0.000800675920340
   1.011743980000000  -0.000802704530000
   1.011422680000000  -0.000806088349400
   1.010973880000000  -0.000810831686000
   1.010397580000000  -0.000816940364000
   1.009693780000000  -0.000824422166000
   1.008861460000000  -0.000833286680000
   1.007901640000000  -0.000843545126000
   1.006815340000000  -0.000855210764000
   1.005602560000000  -0.000868298690000
   1.004262280000000  -0.000882826040000
   1.002796540000000  -0.000898811990000
   1.001205340000000  -0.000916277960000
   0.999487660000000  -0.000935246900000
   0.997646560000000  -0.000955745840000
   0.995681020000000  -0.000977801300000
   0.993591040000000  -0.001001444900000
   0.991378660000000  -0.001026710300000
   0.989042860000000  -0.001053632180000
   0.986585680000000  -0.001082248280000
   0.984007120000000  -0.001112601440000
   0.981308200000000  -0.001144735520000
   0.978489940000000  -0.001178695400000
   0.975552340000000  -0.001214533100000
   0.972496420000000  -0.001252300640000
   0.969323200000000  -0.001292054120000
   0.966033700000000  -0.001333852700000
   0.962627920000000  -0.001377757580000
   0.959107900000000  -0.001423836080000
   0.955474660000000  -0.001472155520000
   0.951728200000000  -0.001522787300000
   0.947869540000000  -0.001575807920000
   0.943900720000000  -0.001631294900000
   0.939822760000000  -0.001689328820000
   0.935635660000000  -0.001749995360000
   0.931341460000000  -0.001813380200000
   0.926940160000000  -0.001879578200000
   0.922434820000000  -0.001948673000000
   0.917825440000000  -0.002020766600000
   0.913113040000000  -0.002095961000000
   0.908299660000000  -0.002174348000000
   0.903386320000000  -0.002256029600000
   0.898374040000000  -0.002341118000000
   0.893263840000000  -0.002429725400000
   0.888057760000000  -0.002521943600000
   0.882757840000000  -0.002617895000000
   0.877364080000000  -0.002717681600000
   0.871877500000000  -0.002821415600000
   0.866301160000000  -0.002929209200000
   0.860636080000000  -0.003041174600000
   0.854883280000000  -0.003157424000000
   0.849044800000000  -0.003278069600000
   0.843120640000000  -0.003403203200000
   0.837114880000000  -0.003532957400000
   0.831026500000000  -0.003667424000000
   0.824858560000000  -0.003806705000000
   0.818613100000000  -0.003950912600000
   0.812290120000000  -0.004100128400000
   0.805892680000000  -0.004254454400000
   0.799421800000000  -0.004413982400000
   0.792879520000000  -0.004578794000000
   0.786266860000000  -0.004748960600000
   0.779585860000000  -0.004924563800000
   0.772838560000000  -0.005105675000000
   0.766025980000000  -0.005292345200000
   0.759150160000000  -0.005484635600000
   0.752213140000000  -0.005682587000000
   0.745215940000000  -0.005886240200000
   0.738161620000000  -0.006095625800000
   0.731050180000000  -0.006310754000000
   0.723885700000000  -0.006531635000000
   0.716668180000000  -0.006758279000000
   0.709399660000000  -0.006990665600000
   0.702082180000000  -0.007228774400000
   0.694717780000000  -0.007472574800000
   0.687308500000000  -0.007722015800000
   0.679855360000000  -0.007977036200000
   0.672361420000000  -0.008237564600000
   0.664826680000000  -0.008503519400000
   0.657255220000000  -0.008774808800000
   0.649648060000000  -0.009051310400000
   0.642006220000000  -0.009332912000000
   0.634331740000000  -0.009619450400000
   0.626627680000000  -0.009910782800000
   0.618895060000000  -0.010206746000000
   0.611136940000000  -0.010507136000000
   0.603353320000000  -0.010811769200000
   0.595547260000000  -0.011120462000000
   0.587720800000000  -0.011432888000000
   0.579874960000000  -0.011748884000000
   0.572011780000000  -0.012068144000000
   0.564134320000000  -0.012390464000000
   0.556243600000000  -0.012715436000000
   0.548341660000000  -0.013042856000000
   0.540430540000000  -0.013372316000000
   0.532512280000000  -0.013703510000000
   0.524587900000000  -0.014036234000000
   0.516660460000000  -0.014369876000000
   0.508730980000000  -0.014704130000000
   0.500802520000000  -0.015038792000000
   0.492875080000000  -0.015373148000000
   0.484951720000000  -0.015707096000000
   0.477034480000000  -0.016039922000000
   0.469125400000000  -0.016371320000000
   0.461225500000000  -0.016700882000000
   0.453337840000000  -0.017028098000000
   0.445462420000000  -0.017352356000000
   0.437603320000000  -0.017673452000000
   0.429760540000000  -0.017990570000000
   0.421936120000000  -0.018303506000000
   0.414133120000000  -0.018611546000000
   0.406352560000000  -0.018914282000000
   0.398619940000000  -0.019211408000000
   0.391016860000000  -0.019512716000000
   0.383442340000000  -0.019823102000000
   0.375898420000000  -0.020141648000000
   0.368386120000000  -0.020467640000000
   0.360907480000000  -0.020800364000000
   0.353463520000000  -0.021139106000000
   0.346056280000000  -0.021483050000000
   0.338686780000000  -0.021831278000000
   0.331358080000000  -0.022183178000000
   0.324070180000000  -0.022537730000000
   0.316824100000000  -0.022894322000000
   0.309622900000000  -0.023252036000000
   0.302467600000000  -0.023610056000000
   0.295359220000000  -0.023967464000000
   0.288299800000000  -0.024323444000000
   0.281290360000000  -0.024677180000000
   0.274332940000000  -0.025027856000000
   0.267428560000000  -0.025374554000000
   0.260578240000000  -0.025716458000000
   0.253784020000000  -0.026052752000000
   0.247046920000000  -0.026382518000000
   0.240368980000000  -0.026704940000000
   0.233751220000000  -0.027019202000000
   0.227195680000000  -0.027324488000000
   0.220702360000000  -0.027619880000000
   0.214273300000000  -0.027904664000000
   0.207909520000000  -0.028177922000000
   0.201613060000000  -0.028438940000000
   0.195385960000000  -0.028686902000000
   0.189228220000000  -0.028920992000000
   0.183140860000000  -0.029140496000000
   0.177125920000000  -0.029344598000000
   0.171185440000000  -0.029532482000000
   0.165319420000000  -0.029703536000000
   0.159529900000000  -0.029856944000000
   0.153817900000000  -0.029992094000000
   0.148185460000000  -0.030108170000000
   0.142632580000000  -0.030204560000000
   0.137161300000000  -0.030280550000000
   0.131772640000000  -0.030335528000000
   0.126467620000000  -0.030368780000000
   0.121248280000000  -0.030379796000000
   0.116115640000000  -0.030367862000000
   0.111069700000000  -0.030332468000000
   0.106113520000000  -0.030273002000000
   0.101246080000000  -0.030188954000000
   0.096471460000000  -0.030079712000000
   0.091788232000000  -0.029944664000000
   0.087198946000000  -0.029783504000000
   0.082704214000000  -0.029595620000000
   0.078305464000000  -0.029380604000000
   0.074003716000000  -0.029137946000000
   0.069799990000000  -0.028867136000000
   0.065695510000000  -0.028567868000000
   0.061691296000000  -0.028239734000000
   0.057788470000000  -0.027882224000000
   0.053987950000000  -0.027495032000000
   0.050290960000000  -0.027077750000000
   0.046698418000000  -0.026630072000000
   0.043211344000000  -0.026151794000000
   0.039830758000000  -0.025642304000000
   0.036557578000000  -0.025101602000000
   0.033392722000000  -0.024529178000000
   0.030337108000000  -0.023924828000000
   0.027391756000000  -0.023288450000000
   0.024557482000000  -0.022619534000000
   0.021835102000000  -0.021918080000000
   0.019225432000000  -0.021183680000000
   0.016729492000000  -0.020416334000000
   0.014347792000000  -0.019615736000000
   0.012081352000000  -0.018781682000000
   0.009930682000000  -0.017914070000000
   0.007896700000000  -0.017012798000000
   0.005980018000000  -0.016077560000000
   0.004181248000000  -0.015108458000000
   0.002501104000000  -0.014105186000000
   0.000940136800000  -0.013067744000000
  -0.000501051800000  -0.011996132000000
  -0.001821890600000  -0.010890033800000
  -0.003021879800000  -0.009749582000000
  -0.004100509400000  -0.008574654200000
  -0.005057330600000  -0.007365230000000
  -0.005891894600000  -0.006121278800000
  -0.006603803600000  -0.004842780200000
  -0.007192681220000  -0.003529724000000
  -0.007658184740000  -0.002182120400000
  -0.008000000000000  -0.000800000000000
  -0.008215980920000   0.000607283800000
  -0.008304009980000   0.002030357200000
  -0.008263868900000   0.003469087600000
  -0.008095367756000   0.004923332200000
  -0.007798350080000   0.006392887000000
  -0.007372690820000   0.007877507200000
  -0.006818299400000   0.009376897000000
  -0.006135103400000   0.010890730000000
  -0.005323081400000   0.012418588000000
  -0.004382243600000   0.013960012000000
  -0.003312610400000   0.015514594000000
  -0.002114253200000   0.017081824000000
  -0.000787284200000   0.018661090000000
   0.000668174200000   0.020251780000000
   0.002251918000000   0.021853282000000
   0.003963886000000   0.023464882000000
   0.005803558000000   0.025085866000000
   0.007770934000000   0.026715418000000
   0.009865606000000   0.028352722000000
   0.012087268000000   0.029997064000000
   0.014435512000000   0.031647526000000
   0.016909828000000   0.033303088000000
   0.019509910000000   0.034962934000000
   0.022235248000000   0.036626044000000
   0.025085332000000   0.038291398000000
   0.028059550000000   0.039957976000000
   0.031157290000000   0.041624656000000
   0.034377940000000   0.043290520000000
   0.037720888000000   0.044954344000000
   0.041185318000000   0.046615006000000
   0.044770618000000   0.048271384000000
   0.048475870000000   0.049922356000000
   0.052300360000000   0.051566698000000
   0.056243170000000   0.053203186000000
   0.060303382000000   0.054830698000000
   0.064480078000000   0.056447908000000
   0.068772238000000   0.058053694000000
   0.073178944000000   0.059646730000000
   0.077698972000000   0.061225792000000
   0.082331506000000   0.062789656000000
   0.087075118000000   0.064337200000000
   0.091928788000000   0.065866996000000
   0.096891700000000   0.067377820000000
   0.101961100000000   0.068868550000000
   0.107137600000000   0.070337758000000
   0.112419160000000   0.071784424000000
   0.117803740000000   0.073207222000000
   0.123291340000000   0.074605030000000
   0.128878900000000   0.075976522000000
   0.134565400000000   0.077320576000000
   0.140350840000000   0.078636070000000
   0.146232160000000   0.079921780000000
   0.152207320000000   0.081176584000000
   0.158276320000000   0.082399360000000
   0.164437120000000   0.083589088000000
   0.170686660000000   0.084744646000000
   0.177024940000000   0.085865014000000
   0.183448900000000   0.086949172000000
   0.189957520000000   0.087996100000000
   0.196549780000000   0.089004880000000
   0.203221600000000   0.089974492000000
   0.209972980000000   0.090904120000000
   0.216801880000000   0.091792846000000
   0.223705240000000   0.092639854000000
   0.230682040000000   0.093444328000000
   0.237730240000000   0.094205452000000
   0.244847800000000   0.094922512000000
   0.252032680000000   0.095594896000000
   0.259283860000000   0.096221788000000
   0.266597260000000   0.096802678000000
   0.273971860000000   0.097336954000000
   0.281405620000000   0.097824004000000
   0.288895480000000   0.098263318000000
   0.296441440000000   0.098654386000000
   0.304039420000000   0.098996902000000
   0.311688400000000   0.099290458000000
   0.319386340000000   0.099534544000000
   0.327129160000000   0.099728956000000
   0.334916860000000   0.099873490000000
   0.342746380000000   0.099967738000000
   0.350615680000000   0.100011598000000
   0.358521700000000   0.100004866000000
   0.366463420000000   0.099947440000000
   0.374437780000000   0.099839320000000
   0.382443760000000   0.099680506000000
   0.390477280000000   0.099470794000000
   0.398537320000000   0.099210388000000
   0.406517800000000   0.098905204000000
   0.414499300000000   0.098566870000000
   0.422500180000000   0.098195896000000
   0.430520440000000   0.097792690000000
   0.438557020000000   0.097357456000000
   0.446608900000000   0.096890704000000
   0.454672000000000   0.096392638000000
   0.462746320000000   0.095863768000000
   0.470827780000000   0.095304502000000
   0.478916380000000   0.094715248000000
   0.487009060000000   0.094096414000000
   0.495103780000000   0.093448612000000
   0.503197480000000   0.092772046000000
   0.511290160000000   0.092067532000000
   0.519378760000000   0.091335274000000
   0.527460220000000   0.090575986000000
   0.535534540000000   0.089790178000000
   0.543597640000000   0.088978462000000
   0.551648500000000   0.088141144000000
   0.559685080000000   0.087279040000000
   0.567705340000000   0.086392762000000
   0.575707240000000   0.085482718000000
   0.583688740000000   0.084549622000000
   0.591647800000000   0.083594086000000
   0.599581360000000   0.082616824000000
   0.607489420000000   0.081618346000000
   0.615369940000000   0.080599366000000
   0.623218840000000   0.079560496000000
   0.631036120000000   0.078502552000000
   0.638818720000000   0.077426044000000
   0.646564600000000   0.076331686000000
   0.654273760000000   0.075220396000000
   0.661942120000000   0.074092582000000
   0.669568660000000   0.072949162000000
   0.677151340000000   0.071790748000000
   0.684689140000000   0.070618054000000
   0.692179000000000   0.069431998000000
   0.699618880000000   0.068233090000000
   0.707008780000000   0.067022248000000
   0.714345640000000   0.065800186000000
   0.721627420000000   0.064567618000000
   0.728852080000000   0.063325360000000
   0.736019620000000   0.062074228000000
   0.743126980000000   0.060814936000000
   0.750173140000000   0.059548300000000
   0.757155040000000   0.058275034000000
   0.764072680000000   0.056996056000000
   0.770923000000000   0.055712080000000
   0.777704980000000   0.054424024000000
   0.784417600000000   0.053132602000000
   0.791058820000000   0.051838630000000
   0.797625580000000   0.050542924000000
   0.804118900000000   0.049246300000000
   0.810535720000000   0.047949676000000
   0.816875020000000   0.046653766000000
   0.823134760000000   0.045359488000000
   0.829313920000000   0.044067556000000
   0.835410460000000   0.042778888000000
   0.841423360000000   0.041494300000000
   0.847351600000000   0.040214608000000
   0.853194160000000   0.038940730000000
   0.858947980000000   0.037673380000000
   0.864613060000000   0.036413374000000
   0.870187360000000   0.035161732000000
   0.875669860000000   0.033919066000000
   0.881059540000000   0.032686294000000
   0.886355380000000   0.031464232000000
   0.891555340000000   0.030253798000000
   0.896659420000000   0.029055604000000
   0.901665580000000   0.027870670000000
   0.906571780000000   0.026699608000000
   0.911379040000000   0.025543438000000
   0.916084300000000   0.024402772000000
   0.920687560000000   0.023278426000000
   0.925187800000000   0.022171318000000
   0.929582980000000   0.021082060000000
   0.933873100000000   0.020011570000000
   0.938057140000000   0.018960460000000
   0.942134080000000   0.017929444000000
   0.946102900000000   0.016919440000000
   0.949963600000000   0.015931060000000
   0.953713120000000   0.014965120000000
   0.957352480000000   0.014022130000000
   0.960880660000000   0.013102804000000
   0.964295620000000   0.012207958000000
   0.967598380000000   0.011338204000000
   0.970786900000000   0.010494154000000
   0.973861180000000   0.009676318000000
   0.976820200000000   0.008885491600000
   0.979662940000000   0.008122154200000
   0.982390420000000   0.007386897400000
   0.984999580000000   0.006680272000000
   0.987491440000000   0.006002818600000
   0.989866000000000   0.005355037000000
   0.992121220000000   0.004737427000000
   0.994257100000000   0.004150457800000
   0.996274660000000   0.003594557800000
   0.998170840000000   0.003070175800000
   0.999946660000000   0.002577699400000
   1.001602120000000   0.002117516200000
   1.003136200000000   0.001689962800000
   1.004548900000000   0.001295396200000
   1.005840220000000   0.000934091800000
   1.007009140000000   0.000606355600000
   1.008054640000000   0.000312422200000
   1.008978760000000   0.000052530280000
   1.009779460000000  -0.000173121260000
   1.010457760000000  -0.000364355960000
   1.011012640000000  -0.000521023880000
   1.011445120000000  -0.000643004660000
   1.011753160000000  -0.000730201502000
   1.011938800000000  -0.000782546984000
   1.012000000000000  -0.000800000000000
   1.024240000000000  -0.001616000000000
   1.024174454800000  -0.001616689438747
   1.023978859600000  -0.001618758620600
   1.023651133600000  -0.001622210116388
   1.023193357600000  -0.001627048319720
   1.022605531600000  -0.001633279171280
   1.021887655600000  -0.001640910609320
   1.021038689200000  -0.001649952413600
   1.020059672800000  -0.001660416028520
   1.018951646800000  -0.001672314979280
   1.017714611200000  -0.001685664663800
   1.016347525600000  -0.001700482560800
   1.014852470800000  -0.001716788229800
   1.013229446800000  -0.001734603519200
   1.011477413200000  -0.001753951838000
   1.009599491200000  -0.001774860756800
   1.007594640400000  -0.001797357326000
   1.005462860800000  -0.001821473798000
   1.003206233200000  -0.001847244506000
   1.000823717200000  -0.001874704823600
   0.998317393600000  -0.001903893245600
   0.995687262400000  -0.001934853468800
   0.992934364000000  -0.001967630230400
   0.990059738800000  -0.002002269308000
   0.987063386800000  -0.002038823762000
   0.983946348400000  -0.002077346652800
   0.980709664000000  -0.002117895202400
   0.977354374000000  -0.002160529754000
   0.973880478400000  -0.002205312731600
   0.970290058000000  -0.002252312801600
   0.966584153200000  -0.002301598630400
   0.962762764000000  -0.002353243046000
   0.958826930800000  -0.002407324078400
   0.954778734400000  -0.002463920798000
   0.950619215200000  -0.002523115396400
   0.946348373200000  -0.002584995267200
   0.941968289200000  -0.002649647804000
   0.937478963200000  -0.002717169764000
   0.932883516400000  -0.002787646460000
   0.928181948800000  -0.002861181932000
   0.923375300800000  -0.002937880220000
   0.918465653200000  -0.003017834960000
   0.913454046400000  -0.003101150192000
   0.908341520800000  -0.003187940360000
   0.903129116800000  -0.003278319908000
   0.897818915200000  -0.003372382472000
   0.892412996800000  -0.003470252900000
   0.886911361600000  -0.003572035232000
   0.881315050000000  -0.003677843912000
   0.875627183200000  -0.003787793384000
   0.869848801600000  -0.003901998092000
   0.863980945600000  -0.004020572480000
   0.858025696000000  -0.004143630992000
   0.851983052800000  -0.004271267264000
   0.845857177600000  -0.004403616548000
   0.839647030000000  -0.004540772480000
   0.833355731200000  -0.004682839100000
   0.826985362000000  -0.004829930852000
   0.820535922400000  -0.004982130968000
   0.814010533600000  -0.005139543488000
   0.807410236000000  -0.005302262048000
   0.800737110400000  -0.005470369880000
   0.793992197200000  -0.005643939812000
   0.787177577200000  -0.005823055076000
   0.780295331200000  -0.006007788500000
   0.773346499600000  -0.006198192104000
   0.766333163200000  -0.006394328312000
   0.759257402800000  -0.006596238740000
   0.752120258800000  -0.006803965004000
   0.744924852400000  -0.007017538316000
   0.737671183600000  -0.007236969080000
   0.730363414000000  -0.007462267700000
   0.723001543600000  -0.007693444580000
   0.715587653200000  -0.007930478912000
   0.708123823600000  -0.008173349888000
   0.700612135600000  -0.008422026296000
   0.693054670000000  -0.008676456116000
   0.685452467200000  -0.008936576924000
   0.677808648400000  -0.009202315892000
   0.670123213600000  -0.009473589788000
   0.662400324400000  -0.009750304976000
   0.654641021200000  -0.010032336608000
   0.646846344400000  -0.010319570240000
   0.639018374800000  -0.010611839408000
   0.631160233600000  -0.010908998456000
   0.623272961200000  -0.011210880920000
   0.615359678800000  -0.011517278720000
   0.607420386400000  -0.011828004584000
   0.599458205200000  -0.012142871240000
   0.591475216000000  -0.012461545760000
   0.583472459200000  -0.012783861680000
   0.575452015600000  -0.013109506880000
   0.567417006400000  -0.013438273280000
   0.559368472000000  -0.013769744720000
   0.551308493200000  -0.014103713120000
   0.543239150800000  -0.014439762320000
   0.535162525600000  -0.014777580200000
   0.527079658000000  -0.015116958680000
   0.518993669200000  -0.015457273520000
   0.510905599600000  -0.015798212600000
   0.502818570400000  -0.016139567840000
   0.494732581600000  -0.016480610960000
   0.486650754400000  -0.016821237920000
   0.478575169600000  -0.017160720440000
   0.470507908000000  -0.017498746400000
   0.462450010000000  -0.017834899640000
   0.454404596800000  -0.018168659960000
   0.446371668400000  -0.018499403120000
   0.438355386400000  -0.018826921040000
   0.430355750800000  -0.019150381400000
   0.422374842400000  -0.019469576120000
   0.414415782400000  -0.019783776920000
   0.406479611200000  -0.020092567640000
   0.398592338800000  -0.020395636160000
   0.390837197200000  -0.020702970320000
   0.383111186800000  -0.021019564040000
   0.375416388400000  -0.021344480960000
   0.367753842400000  -0.021676992800000
   0.360125629600000  -0.022016371280000
   0.352532790400000  -0.022361888120000
   0.344977405600000  -0.022712711000000
   0.337460515600000  -0.023067903560000
   0.329985241600000  -0.023426841560000
   0.322551583600000  -0.023788484600000
   0.315160582000000  -0.024152208440000
   0.307815358000000  -0.024517076720000
   0.300516952000000  -0.024882257120000
   0.293266404400000  -0.025246813280000
   0.286065796000000  -0.025609912880000
   0.278916167200000  -0.025970723600000
   0.271819598800000  -0.026328413120000
   0.264777131200000  -0.026682045080000
   0.257789804800000  -0.027030787160000
   0.250859700400000  -0.027373807040000
   0.243987858400000  -0.027710168360000
   0.237176359600000  -0.028039038800000
   0.230426244400000  -0.028359586040000
   0.223739593600000  -0.028670977760000
   0.217116407200000  -0.028972277600000
   0.210558766000000  -0.029262757280000
   0.204067710400000  -0.029541480440000
   0.197645321200000  -0.029807718800000
   0.191293679200000  -0.030060640040000
   0.185012784400000  -0.030299411840000
   0.178803677200000  -0.030523305920000
   0.172668438400000  -0.030731489960000
   0.166609148800000  -0.030923131640000
   0.160625808400000  -0.031097606720000
   0.154720498000000  -0.031254082880000
   0.148894258000000  -0.031391935880000
   0.143149169200000  -0.031510333400000
   0.137485231600000  -0.031608651200000
   0.131904526000000  -0.031686161000000
   0.126408092800000  -0.031742238560000
   0.120996972400000  -0.031776155600000
   0.115673245600000  -0.031787391920000
   0.110437952800000  -0.031775219240000
   0.105291094000000  -0.031739117360000
   0.100235790400000  -0.031678462040000
   0.095271001600000  -0.031592733080000
   0.090400889200000  -0.031481306240000
   0.085623996640000  -0.031343557280000
   0.080942924920000  -0.031179174080000
   0.076358298280000  -0.030987532400000
   0.071871573280000  -0.030768216080000
   0.067483790320000  -0.030520704920000
   0.063195989800000  -0.030244478720000
   0.059009420200000  -0.029939225360000
   0.054925121920000  -0.029604528680000
   0.050944239400000  -0.029239868480000
   0.047067709000000  -0.028844932640000
   0.043296779200000  -0.028419305000000
   0.039632386360000  -0.027962673440000
   0.036075570880000  -0.027474829880000
   0.032627373160000  -0.026955150080000
   0.029288729560000  -0.026403634040000
   0.026060576440000  -0.025819761560000
   0.022943850160000  -0.025203324560000
   0.019939591120000  -0.024554219000000
   0.017048631640000  -0.023871924680000
   0.014271804040000  -0.023156441600000
   0.011609940640000  -0.022407353600000
   0.009064081840000  -0.021624660680000
   0.006634747840000  -0.020808050720000
   0.004322979040000  -0.019957315640000
   0.002129295640000  -0.019072351400000
   0.000054634000000  -0.018153053960000
  -0.001900381640000  -0.017199111200000
  -0.003735127040000  -0.016210627160000
  -0.005448873920000  -0.015187289720000
  -0.007041060464000  -0.014129098880000
  -0.008511072836000  -0.013036054640000
  -0.009858328412000  -0.011907834476000
  -0.011082317396000  -0.010744573640000
  -0.012182519588000  -0.009546147284000
  -0.013158477212000  -0.008312534600000
  -0.014009732492000  -0.007043704376000
  -0.014735879672000  -0.005739635804000
  -0.015336534844400  -0.004400318480000
  -0.015811348434800  -0.003025762808000
  -0.016160000000000  -0.001616000000000
  -0.016380300538400  -0.000180570524000
  -0.016470090179600   0.001270964344000
  -0.016429146278000   0.002738469352000
  -0.016257275111120   0.004221798844000
  -0.015954317081600   0.005720744740000
  -0.015520144636400   0.007235057344000
  -0.014954665388000   0.008764434940000
  -0.014257805468000   0.010308544600000
  -0.013429543028000   0.011866959760000
  -0.012469888472000   0.013439212240000
  -0.011378862608000   0.015024885880000
  -0.010156538264000   0.016623460480000
  -0.008803029884000   0.018234311800000
  -0.007318462316000   0.019856815600000
  -0.005703043640000   0.021490347640000
  -0.003956836280000   0.023134179640000
  -0.002080370840000   0.024787583320000
  -0.000073647320000   0.026449726360000
   0.002062918120000   0.028119776440000
   0.004329013360000   0.029797005280000
   0.006724222240000   0.031480476520000
   0.009248024560000   0.033169149760000
   0.011900108200000   0.034862192680000
   0.014679952960000   0.036558564880000
   0.017587038640000   0.038257225960000
   0.020620741000000   0.039957135520000
   0.023780435800000   0.041657149120000
   0.027065498800000   0.043356330400000
   0.030475305760000   0.045053430880000
   0.034009024360000   0.046747306120000
   0.037666030360000   0.048436811680000
   0.041445387400000   0.050120803120000
   0.045346367200000   0.051798031960000
   0.049368033400000   0.053467249720000
   0.053509449640000   0.055127311960000
   0.057769679560000   0.056776866160000
   0.062147682760000   0.058414767880000
   0.066642522880000   0.060039664600000
   0.071252951440000   0.061650307840000
   0.075978136120000   0.063245449120000
   0.080816620360000   0.064823944000000
   0.085767363760000   0.066384335920000
   0.090829534000000   0.067925376400000
   0.096000322000000   0.069445921000000
   0.101280352000000   0.070944513160000
   0.106667543200000   0.072420112480000
   0.112159814800000   0.073871366440000
   0.117757166800000   0.075297130600000
   0.123456478000000   0.076696052440000
   0.129256708000000   0.078066987520000
   0.135157856800000   0.079408791400000
   0.141156803200000   0.080720215600000
   0.147251466400000   0.082000115680000
   0.153441846400000   0.083247347200000
   0.159725862400000   0.084460869760000
   0.166100393200000   0.085639538920000
   0.172565438800000   0.086782314280000
   0.179117878000000   0.087888155440000
   0.185756670400000   0.088956022000000
   0.192480775600000   0.089984977600000
   0.199286032000000   0.090973981840000
   0.206172439600000   0.091922202400000
   0.213137917600000   0.092828702920000
   0.220179344800000   0.093692651080000
   0.227295680800000   0.094513214560000
   0.234484844800000   0.095289561040000
   0.241744756000000   0.096020962240000
   0.249073333600000   0.096706793920000
   0.256469537200000   0.097346223760000
   0.263929205200000   0.097938731560000
   0.271451297200000   0.098483693080000
   0.279033732400000   0.098980484080000
   0.286673389600000   0.099428584360000
   0.294370268800000   0.099827473720000
   0.302120208400000   0.100176840040000
   0.309922168000000   0.100476267160000
   0.317774066800000   0.100725234880000
   0.325671743200000   0.100923535120000
   0.333615197200000   0.101070959800000
   0.341601307600000   0.101167092760000
   0.349627993600000   0.101211829960000
   0.357692134000000   0.101204963320000
   0.365792688400000   0.101146388800000
   0.373926535600000   0.101036106400000
   0.382092635200000   0.100874116120000
   0.390286825600000   0.100660209880000
   0.398508066400000   0.100394595760000
   0.406648156000000   0.100083308080000
   0.414789286000000   0.099738207400000
   0.422950183600000   0.099359813920000
   0.431130848800000   0.098948543800000
   0.439328160400000   0.098504605120000
   0.447541078000000   0.098028518080000
   0.455765440000000   0.097520490760000
   0.464001246400000   0.096981043360000
   0.472244335600000   0.096410592040000
   0.480494707600000   0.095809552960000
   0.488749241200000   0.095178342280000
   0.497005855600000   0.094517584240000
   0.505261429600000   0.093827486920000
   0.513515963200000   0.093108882640000
   0.521766335200000   0.092361979480000
   0.530009424400000   0.091587505720000
   0.538245230800000   0.090785981560000
   0.546469592800000   0.089958031240000
   0.554681470000000   0.089103966880000
   0.562878781600000   0.088224620800000
   0.571059446800000   0.087320617240000
   0.579221384800000   0.086392372360000
   0.587362514800000   0.085440614440000
   0.595480756000000   0.084465967720000
   0.603572987200000   0.083469160480000
   0.611639208400000   0.082450712920000
   0.619677338800000   0.081411353320000
   0.627683216800000   0.080351705920000
   0.635656842400000   0.079272603040000
   0.643595094400000   0.078174564880000
   0.651495892000000   0.077058319720000
   0.659359235200000   0.075924803920000
   0.667180962400000   0.074774433640000
   0.674960033200000   0.073608145240000
   0.682694366800000   0.072426562960000
   0.690382922800000   0.071230415080000
   0.698022580000000   0.070020637960000
   0.705611257600000   0.068797751800000
   0.713148955600000   0.067562692960000
   0.720632552800000   0.066316189720000
   0.728059968400000   0.065058970360000
   0.735429121600000   0.063791867200000
   0.742740012400000   0.062515712560000
   0.749989519600000   0.061231234720000
   0.757176602800000   0.059939266000000
   0.764298140800000   0.058640534680000
   0.771354133600000   0.057335977120000
   0.778341460000000   0.056026321600000
   0.785259079600000   0.054712504480000
   0.792105952000000   0.053395254040000
   0.798879996400000   0.052075402600000
   0.805578091600000   0.050753782480000
   0.812201278000000   0.049431226000000
   0.818746434400000   0.048108669520000
   0.825212520400000   0.046786841320000
   0.831597455200000   0.045466677760000
   0.837900198400000   0.044148907120000
   0.844118669200000   0.042834465760000
   0.850251827200000   0.041524186000000
   0.856298632000000   0.040218900160000
   0.862258043200000   0.038919544600000
   0.868126939600000   0.037626847600000
   0.873905321200000   0.036341641480000
   0.879591107200000   0.035064966640000
   0.885183257200000   0.033797447320000
   0.890680730800000   0.032540019880000
   0.896082487600000   0.031293516640000
   0.901386446800000   0.030058873960000
   0.906592608400000   0.028836716080000
   0.911698891600000   0.027628083400000
   0.916703215600000   0.026433600160000
   0.921606620800000   0.025254306760000
   0.926405986000000   0.024090827440000
   0.931101311200000   0.022943994520000
   0.935691556000000   0.021814744360000
   0.940174639600000   0.020703701200000
   0.944550562000000   0.019611801400000
   0.948818282800000   0.018539669200000
   0.952976761600000   0.017488032880000
   0.957024958000000   0.016457828800000
   0.960962872000000   0.015449681200000
   0.964787382400000   0.014464422400000
   0.968499529600000   0.013502572600000
   0.972098273200000   0.012564860080000
   0.975581532400000   0.011652117160000
   0.978950347600000   0.010764968080000
   0.982202638000000   0.009904037080000
   0.985338403600000   0.009069844360000
   0.988356604000000   0.008263201432000
   0.991256198800000   0.007484597284000
   0.994038228400000   0.006734635348000
   0.996699571600000   0.006013877440000
   0.999241268800000   0.005322874972000
   1.001663320000000   0.004662137740000
   1.003963644400000   0.004032175540000
   1.006142242000000   0.003433466956000
   1.008200153200000   0.002866448956000
   1.010134256800000   0.002331579316000
   1.011945593200000   0.001829253388000
   1.013634162400000   0.001359866524000
   1.015198924000000   0.000923762056000
   1.016639878000000   0.000521304124000
   1.017957024400000   0.000152773636000
   1.019149322800000  -0.000181517288000
   1.020215732800000  -0.000481329356000
   1.021158335200000  -0.000746419114400
   1.021975049200000  -0.000976583685200
   1.022666915200000  -0.001171643079200
   1.023232892800000  -0.001331444357600
   1.023674022400000  -0.001455864753200
   1.023988223200000  -0.001544805532040
   1.024177576000000  -0.001598197923680
   1.024240000000000  -0.001616000000000