    1.000000000000000                   0
   0.999607120000000  -0.000004140000000
   0.998429160000000  -0.000016610000000
   0.996468180000000  -0.000037490000000
   0.993727580000000  -0.000066960000000
   0.990212110000000  -0.000105250000000
   0.985927890000000  -0.000152690000000
   0.980882300000000  -0.000209680000000
   0.975084070000000  -0.000276710000000
   0.968543160000000  -0.000354400000000
   0.961270790000000  -0.000443430000000
   0.953279380000000  -0.000544640000000
   0.944582550000000  -0.000658980000000
   0.935195030000000  -0.000787490000000
   0.925132680000000  -0.000931370000000
   0.914412430000000  -0.001091920000000
   0.903052200000000  -0.001270550000000
   0.891070930000000  -0.001468770000000
   0.878488500000000  -0.001688180000000
   0.865325670000000  -0.001930440000000
   0.851604070000000  -0.002197230000000
   0.837346150000000  -0.002490260000000
   0.822575130000000  -0.002811200000000
   0.807314930000000  -0.003161650000000
   0.791590190000000  -0.003543120000000
   0.775426140000000  -0.003956940000000
   0.758848650000000  -0.004404260000000
   0.741884090000000  -0.004885980000000
   0.724559350000000  -0.005402700000000
   0.706901770000000  -0.005954660000000
   0.688939080000000  -0.006541740000000
   0.670699380000000  -0.007163350000000
   0.652211060000000  -0.007818440000000
   0.633502800000000  -0.008505460000000
   0.614603440000000  -0.009222300000000
   0.595542040000000  -0.009966290000000
   0.576347730000000  -0.010734190000000
   0.557049720000000  -0.011522160000000
   0.537677230000000  -0.012325800000000
   0.518259480000000  -0.013140120000000
   0.498825590000000  -0.013959570000000
   0.479404570000000  -0.014778080000000
   0.460025290000000  -0.015589100000000
   0.440716400000000  -0.016385630000000
   0.421506330000000  -0.017160280000000
   0.402423250000000  -0.017905360000000
   0.383767130000000  -0.018650080000000
   0.365335760000000  -0.019444340000000
   0.347114080000000  -0.020277450000000
   0.329126030000000  -0.021137410000000
   0.311395150000000  -0.022011800000000
   0.293944540000000  -0.022887900000000
   0.276796880000000  -0.023752800000000
   0.259974480000000  -0.024593510000000
   0.243499240000000  -0.025397020000000
   0.227392750000000  -0.026150460000000
   0.211676220000000  -0.026841140000000
   0.196370540000000  -0.027456620000000
   0.181496300000000  -0.027984860000000
   0.167073740000000  -0.028414200000000
   0.153122820000000  -0.028733470000000
   0.139663150000000  -0.028932030000000
   0.126714020000000  -0.028999790000000
   0.114294370000000  -0.028927260000000
   0.102422750000000  -0.028705550000000
   0.091117320000000  -0.028326430000000
   0.080395760000000  -0.027782270000000
   0.070275280000000  -0.027066100000000
   0.060772540000000  -0.026171570000000
   0.051903590000000  -0.025092930000000
   0.043683870000000  -0.023825060000000
   0.036128050000000  -0.022363400000000
   0.029250080000000  -0.020703970000000
   0.023063040000000  -0.018843310000000
   0.017579150000000  -0.016778500000000
   0.012809660000000  -0.014507120000000
   0.008764840000000  -0.012027230000000
   0.005453900000000  -0.009337360000000
   0.002884970000000  -0.006436500000000
   0.001065060000000  -0.003324090000000
                   0                   0
  -0.000294090000000   0.003478200000000
   0.000197700000000   0.007051850000000
   0.001477640000000   0.010717670000000
   0.003546820000000   0.014470620000000
   0.006405060000000   0.018303920000000
   0.010050930000000   0.022209090000000
   0.014481730000000   0.026176060000000
   0.019693410000000   0.030193230000000
   0.025680610000000   0.034247600000000
   0.032436600000000   0.038324860000000
   0.039953230000000   0.042409590000000
   0.048220940000000   0.046485320000000
   0.057228710000000   0.050534740000000
   0.066964080000000   0.054539870000000
   0.077413070000000   0.058482190000000
   0.088560250000000   0.062342840000000
   0.100388700000000   0.066102770000000
   0.112880020000000   0.069742930000000
   0.126014350000000   0.073244460000000
   0.139770400000000   0.076588810000000
   0.154125520000000   0.079757930000000
   0.169055660000000   0.082734420000000
   0.184535510000000   0.085501650000000
   0.200538530000000   0.088043960000000
   0.217037020000000   0.090346690000000
   0.234002190000000   0.092396360000000
   0.251404280000000   0.094180730000000
   0.269212620000000   0.095688900000000
   0.287395720000000   0.096911390000000
   0.305921410000000   0.097840140000000
   0.324756910000000   0.098468630000000
   0.343868930000000   0.098791860000000
   0.363223790000000   0.098806370000000
   0.382787510000000   0.098510250000000
   0.402486430000000   0.097904020000000
   0.422059200000000   0.097054840000000
   0.441746200000000   0.096007840000000
   0.461515620000000   0.094768420000000
   0.481335610000000   0.093342660000000
   0.501174410000000   0.091737340000000
   0.521000330000000   0.089959830000000
   0.540781860000000   0.088018060000000
   0.560487680000000   0.085920500000000
   0.580086740000000   0.083676100000000
   0.599548280000000   0.081294270000000
   0.618841920000000   0.078784800000000
   0.637937650000000   0.076157900000000
   0.656805930000000   0.073424090000000
   0.675417680000000   0.070594250000000
   0.693744350000000   0.067679520000000
   0.711757970000000   0.064691340000000
   0.729431150000000   0.061641390000000
   0.746737150000000   0.058541580000000
   0.763649920000000   0.055404030000000
   0.780144090000000   0.052241030000000
   0.796195070000000   0.049065030000000
   0.811779020000000   0.045888600000000
   0.826872920000000   0.042724420000000
   0.841454590000000   0.039585220000000
   0.855502710000000   0.036483750000000
   0.868996840000000   0.033432740000000
   0.881917470000000   0.030444870000000
   0.894246000000000   0.027532690000000
   0.905964800000000   0.024708590000000
   0.917057190000000   0.021984720000000
   0.927507480000000   0.019372960000000
   0.937300980000000   0.016884840000000
   0.946423980000000   0.014531460000000
   0.954863790000000   0.012323460000000
   0.962608750000000   0.010270920000000
   0.969648180000000   0.008383310000000
   0.975972450000000   0.006669430000000
   0.981572930000000   0.005137340000000
   0.986442030000000   0.003794290000000
   0.990573170000000   0.002646700000000
   0.993960770000000   0.001700090000000
   0.996600280000000   0.000959030000000
   0.998488170000000   0.000427100000000
   0.999621920000000   0.000106910000000
   1.000000000000000                   0