 0.999804000000000  -0.000002070000000
   0.999018000000000  -0.000010375000000
   0.997449000000000  -0.000027050000000
   0.995098000000000  -0.000052225000000
   0.991970000000000  -0.000086105000000
   0.988070000000000  -0.000128970000000
   0.983405000000000  -0.000181185000000
   0.977983000000000  -0.000243195000000
   0.971814000000000  -0.000315555000000
   0.964907000000000  -0.000398915000000
   0.957275000000000  -0.000494035000000
   0.948931000000000  -0.000601810000000
   0.939889000000000  -0.000723235000000
   0.930164000000000  -0.000859430000000
   0.919773000000000  -0.001011650000000
   0.908732000000000  -0.001181240000000
   0.897062000000000  -0.001369660000000
   0.884780000000000  -0.001578480000000
   0.871907000000000  -0.001809310000000
   0.858465000000000  -0.002063830000000
   0.844475000000000  -0.002343750000000
   0.829961000000000  -0.002650730000000
   0.814945000000000  -0.002986430000000
   0.799453000000000  -0.003352380000000
   0.783508000000000  -0.003750030000000
   0.767137000000000  -0.004180600000000
   0.750366000000000  -0.004645120000000
   0.733222000000000  -0.005144340000000
   0.715731000000000  -0.005678680000000
   0.697920000000000  -0.006248200000000
   0.679819000000000  -0.006852540000000
   0.661455000000000  -0.007490890000000
   0.642857000000000  -0.008161950000000
   0.624053000000000  -0.008863880000000
   0.605073000000000  -0.009594290000000
   0.585945000000000  -0.010350200000000
   0.566699000000000  -0.011128200000000
   0.547363000000000  -0.011924000000000
   0.527968000000000  -0.012733000000000
   0.508543000000000  -0.013549800000000
   0.489115000000000  -0.014368800000000
   0.469715000000000  -0.015183600000000
   0.450371000000000  -0.015987400000000
   0.431111000000000  -0.016773000000000
   0.411965000000000  -0.017532800000000
   0.393095000000000  -0.018277700000000
   0.374551000000000  -0.019047200000000
   0.356225000000000  -0.019860900000000
   0.338120000000000  -0.020707400000000
   0.320261000000000  -0.021574600000000
   0.302670000000000  -0.022449900000000
   0.285371000000000  -0.023320400000000
   0.268386000000000  -0.024173200000000
   0.251737000000000  -0.024995300000000
   0.235446000000000  -0.025773700000000
   0.219534000000000  -0.026495800000000
   0.204023000000000  -0.027148900000000
   0.188933000000000  -0.027720700000000
   0.174285000000000  -0.028199500000000
   0.160098000000000  -0.028573800000000
   0.146393000000000  -0.028832800000000
   0.133189000000000  -0.028965900000000
   0.120504000000000  -0.028963500000000
   0.108359000000000  -0.028816400000000
   0.096770000000000  -0.028516000000000
   0.085756500000000  -0.028054300000000
   0.075335500000000  -0.027424200000000
   0.065523900000000  -0.026618800000000
   0.056338100000000  -0.025632300000000
   0.047793700000000  -0.024459000000000
   0.039906000000000  -0.023094200000000
   0.032689100000000  -0.021533700000000
   0.026156600000000  -0.019773600000000
   0.020321100000000  -0.017810900000000
   0.015194400000000  -0.015642800000000
   0.010787200000000  -0.013267200000000
   0.007109370000000  -0.010682300000000
   0.004169430000000  -0.007886930000000
   0.001975020000000  -0.004880290000000
   0.000532530000000  -0.001662050000000
  -0.000147045000000   0.001739100000000
  -0.000048195000000   0.005265020000000
   0.000837670000000   0.008884760000000
   0.002512230000000   0.012594100000000
   0.004975940000000   0.016387300000000
   0.008228000000000   0.020256500000000
   0.012266300000000   0.024192600000000
   0.017087600000000   0.028184600000000
   0.022687000000000   0.032220400000000
   0.029058600000000   0.036286200000000
   0.036194900000000   0.040367200000000
   0.044087100000000   0.044447500000000
   0.052724800000000   0.048510000000000
   0.062096400000000   0.052537300000000
   0.072188600000000   0.056511000000000
   0.082986700000000   0.060412500000000
   0.094474500000000   0.064222800000000
   0.106634000000000   0.067922900000000
   0.119447000000000   0.071493700000000
   0.132892000000000   0.074916600000000
   0.146948000000000   0.078173400000000
   0.161591000000000   0.081246200000000
   0.176796000000000   0.084118000000000
   0.192537000000000   0.086772800000000
   0.208788000000000   0.089195300000000
   0.225520000000000   0.091371500000000
   0.242703000000000   0.093288500000000
   0.260308000000000   0.094934800000000
   0.278304000000000   0.096300100000000
   0.296659000000000   0.097375800000000
   0.315339000000000   0.098154400000000
   0.334313000000000   0.098630200000000
   0.353546000000000   0.098799100000000
   0.373006000000000   0.098658300000000
   0.392637000000000   0.098207100000000
   0.412273000000000   0.097479400000000
   0.431903000000000   0.096531300000000
   0.451631000000000   0.095388100000000
   0.471426000000000   0.094055500000000
   0.491255000000000   0.092540000000000
   0.511087000000000   0.090848600000000
   0.530891000000000   0.088988900000000
   0.550635000000000   0.086969300000000
   0.570287000000000   0.084798300000000
   0.589818000000000   0.082485200000000
   0.609195000000000   0.080039500000000
   0.628390000000000   0.077471300000000
   0.647372000000000   0.074791000000000
   0.666112000000000   0.072009200000000
   0.684581000000000   0.069136900000000
   0.702751000000000   0.066185400000000
   0.720595000000000   0.063166400000000
   0.738084000000000   0.060091500000000
   0.755194000000000   0.056972800000000
   0.771897000000000   0.053822500000000
   0.788170000000000   0.050653000000000
   0.803987000000000   0.047476800000000
   0.819326000000000   0.044306500000000
   0.834164000000000   0.041154800000000
   0.848479000000000   0.038034500000000
   0.862250000000000   0.034958200000000
   0.875457000000000   0.031938800000000
   0.888082000000000   0.028988800000000
   0.900105000000000   0.026120600000000
   0.911511000000000   0.023346700000000
   0.922282000000000   0.020678800000000
   0.932404000000000   0.018128900000000
   0.941862000000000   0.015708200000000
   0.950644000000000   0.013427500000000
   0.958736000000000   0.011297200000000
   0.966128000000000   0.009327120000000
   0.972810000000000   0.007526370000000
   0.978773000000000   0.005903380000000
   0.984007000000000   0.004465810000000
   0.988508000000000   0.003220500000000
   0.992267000000000   0.002173390000000
   0.995281000000000   0.001329560000000
   0.997544000000000   0.000693065000000
   0.999055000000000   0.000267005000000
   0.999811000000000   0.000053455000000