900
-1.2    -0.5
-1.1069    -0.5
-1.0138    -0.5
-0.92069    -0.5
-0.82759    -0.5
-0.73448    -0.5
-0.64138    -0.5
-0.54828    -0.5
-0.45517    -0.5
-0.36207    -0.5
-0.26897    -0.5
-0.17586    -0.5
-0.082759    -0.5
0.010345    -0.5
0.10345    -0.5
0.19655    -0.5
0.28966    -0.5
0.38276    -0.5
0.47586    -0.5
0.56897    -0.5
0.66207    -0.5
0.75517    -0.5
0.84828    -0.5
0.94138    -0.5
1.0345    -0.5
1.1276    -0.5
1.2207    -0.5
1.3138    -0.5
1.4069    -0.5
1.5    -0.5
-1.2    -0.46552
-1.1069    -0.46552
-1.0138    -0.46552
-0.92069    -0.46552
-0.82759    -0.46552
-0.73448    -0.46552
-0.64138    -0.46552
-0.54828    -0.46552
-0.45517    -0.46552
-0.36207    -0.46552
-0.26897    -0.46552
-0.17586    -0.46552
-0.082759    -0.46552
0.010345    -0.46552
0.10345    -0.46552
0.19655    -0.46552
0.28966    -0.46552
0.38276    -0.46552
0.47586    -0.46552
0.56897    -0.46552
0.66207    -0.46552
0.75517    -0.46552
0.84828    -0.46552
0.94138    -0.46552
1.0345    -0.46552
1.1276    -0.46552
1.2207    -0.46552
1.3138    -0.46552
1.4069    -0.46552
1.5    -0.46552
-1.2    -0.43103
-1.1069    -0.43103
-1.0138    -0.43103
-0.92069    -0.43103
-0.82759    -0.43103
-0.73448    -0.43103
-0.64138    -0.43103
-0.54828    -0.43103
-0.45517    -0.43103
-0.36207    -0.43103
-0.26897    -0.43103
-0.17586    -0.43103
-0.082759    -0.43103
0.010345    -0.43103
0.10345    -0.43103
0.19655    -0.43103
0.28966    -0.43103
0.38276    -0.43103
0.47586    -0.43103
0.56897    -0.43103
0.66207    -0.43103
0.75517    -0.43103
0.84828    -0.43103
0.94138    -0.43103
1.0345    -0.43103
1.1276    -0.43103
1.2207    -0.43103
1.3138    -0.43103
1.4069    -0.43103
1.5    -0.43103
-1.2    -0.39655
-1.1069    -0.39655
-1.0138    -0.39655
-0.92069    -0.39655
-0.82759    -0.39655
-0.73448    -0.39655
-0.64138    -0.39655
-0.54828    -0.39655
-0.45517    -0.39655
-0.36207    -0.39655
-0.26897    -0.39655
-0.17586    -0.39655
-0.082759    -0.39655
0.010345    -0.39655
0.10345    -0.39655
0.19655    -0.39655
0.28966    -0.39655
0.38276    -0.39655
0.47586    -0.39655
0.56897    -0.39655
0.66207    -0.39655
0.75517    -0.39655
0.84828    -0.39655
0.94138    -0.39655
1.0345    -0.39655
1.1276    -0.39655
1.2207    -0.39655
1.3138    -0.39655
1.4069    -0.39655
1.5    -0.39655
-1.2    -0.36207
-1.1069    -0.36207
-1.0138    -0.36207
-0.92069    -0.36207
-0.82759    -0.36207
-0.73448    -0.36207
-0.64138    -0.36207
-0.54828    -0.36207
-0.45517    -0.36207
-0.36207    -0.36207
-0.26897    -0.36207
-0.17586    -0.36207
-0.082759    -0.36207
0.010345    -0.36207
0.10345    -0.36207
0.19655    -0.36207
0.28966    -0.36207
0.38276    -0.36207
0.47586    -0.36207
0.56897    -0.36207
0.66207    -0.36207
0.75517    -0.36207
0.84828    -0.36207
0.94138    -0.36207
1.0345    -0.36207
1.1276    -0.36207
1.2207    -0.36207
1.3138    -0.36207
1.4069    -0.36207
1.5    -0.36207
-1.2    -0.32759
-1.1069    -0.32759
-1.0138    -0.32759
-0.92069    -0.32759
-0.82759    -0.32759
-0.73448    -0.32759
-0.64138    -0.32759
-0.54828    -0.32759
-0.45517    -0.32759
-0.36207    -0.32759
-0.26897    -0.32759
-0.17586    -0.32759
-0.082759    -0.32759
0.010345    -0.32759
0.10345    -0.32759
0.19655    -0.32759
0.28966    -0.32759
0.38276    -0.32759
0.47586    -0.32759
0.56897    -0.32759
0.66207    -0.32759
0.75517    -0.32759
0.84828    -0.32759
0.94138    -0.32759
1.0345    -0.32759
1.1276    -0.32759
1.2207    -0.32759
1.3138    -0.32759
1.4069    -0.32759
1.5    -0.32759
-1.2    -0.2931
-1.1069    -0.2931
-1.0138    -0.2931
-0.92069    -0.2931
-0.82759    -0.2931
-0.73448    -0.2931
-0.64138    -0.2931
-0.54828    -0.2931
-0.45517    -0.2931
-0.36207    -0.2931
-0.26897    -0.2931
-0.17586    -0.2931
-0.082759    -0.2931
0.010345    -0.2931
0.10345    -0.2931
0.19655    -0.2931
0.28966    -0.2931
0.38276    -0.2931
0.47586    -0.2931
0.56897    -0.2931
0.66207    -0.2931
0.75517    -0.2931
0.84828    -0.2931
0.94138    -0.2931
1.0345    -0.2931
1.1276    -0.2931
1.2207    -0.2931
1.3138    -0.2931
1.4069    -0.2931
1.5    -0.2931
-1.2    -0.25862
-1.1069    -0.25862
-1.0138    -0.25862
-0.92069    -0.25862
-0.82759    -0.25862
-0.73448    -0.25862
-0.64138    -0.25862
-0.54828    -0.25862
-0.45517    -0.25862
-0.36207    -0.25862
-0.26897    -0.25862
-0.17586    -0.25862
-0.082759    -0.25862
0.010345    -0.25862
0.10345    -0.25862
0.19655    -0.25862
0.28966    -0.25862
0.38276    -0.25862
0.47586    -0.25862
0.56897    -0.25862
0.66207    -0.25862
0.75517    -0.25862
0.84828    -0.25862
0.94138    -0.25862
1.0345    -0.25862
1.1276    -0.25862
1.2207    -0.25862
1.3138    -0.25862
1.4069    -0.25862
1.5    -0.25862
-1.2    -0.22414
-1.1069    -0.22414
-1.0138    -0.22414
-0.92069    -0.22414
-0.82759    -0.22414
-0.73448    -0.22414
-0.64138    -0.22414
-0.54828    -0.22414
-0.45517    -0.22414
-0.36207    -0.22414
-0.26897    -0.22414
-0.17586    -0.22414
-0.082759    -0.22414
0.010345    -0.22414
0.10345    -0.22414
0.19655    -0.22414
0.28966    -0.22414
0.38276    -0.22414
0.47586    -0.22414
0.56897    -0.22414
0.66207    -0.22414
0.75517    -0.22414
0.84828    -0.22414
0.94138    -0.22414
1.0345    -0.22414
1.1276    -0.22414
1.2207    -0.22414
1.3138    -0.22414
1.4069    -0.22414
1.5    -0.22414
-1.2    -0.18966
-1.1069    -0.18966
-1.0138    -0.18966
-0.92069    -0.18966
-0.82759    -0.18966
-0.73448    -0.18966
-0.64138    -0.18966
-0.54828    -0.18966
-0.45517    -0.18966
-0.36207    -0.18966
-0.26897    -0.18966
-0.17586    -0.18966
-0.082759    -0.18966
0.010345    -0.18966
0.10345    -0.18966
0.19655    -0.18966
0.28966    -0.18966
0.38276    -0.18966
0.47586    -0.18966
0.56897    -0.18966
0.66207    -0.18966
0.75517    -0.18966
0.84828    -0.18966
0.94138    -0.18966
1.0345    -0.18966
1.1276    -0.18966
1.2207    -0.18966
1.3138    -0.18966
1.4069    -0.18966
1.5    -0.18966
-1.2    -0.15517
-1.1069    -0.15517
-1.0138    -0.15517
-0.92069    -0.15517
-0.82759    -0.15517
-0.73448    -0.15517
-0.64138    -0.15517
-0.54828    -0.15517
-0.45517    -0.15517
-0.36207    -0.15517
-0.26897    -0.15517
-0.17586    -0.15517
-0.082759    -0.15517
0.010345    -0.15517
0.10345    -0.15517
0.19655    -0.15517
0.28966    -0.15517
0.38276    -0.15517
0.47586    -0.15517
0.56897    -0.15517
0.66207    -0.15517
0.75517    -0.15517
0.84828    -0.15517
0.94138    -0.15517
1.0345    -0.15517
1.1276    -0.15517
1.2207    -0.15517
1.3138    -0.15517
1.4069    -0.15517
1.5    -0.15517
-1.2    -0.12069
-1.1069    -0.12069
-1.0138    -0.12069
-0.92069    -0.12069
-0.82759    -0.12069
-0.73448    -0.12069
-0.64138    -0.12069
-0.54828    -0.12069
-0.45517    -0.12069
-0.36207    -0.12069
-0.26897    -0.12069
-0.17586    -0.12069
-0.082759    -0.12069
0.010345    -0.12069
0.10345    -0.12069
0.19655    -0.12069
0.28966    -0.12069
0.38276    -0.12069
0.47586    -0.12069
0.56897    -0.12069
0.66207    -0.12069
0.75517    -0.12069
0.84828    -0.12069
0.94138    -0.12069
1.0345    -0.12069
1.1276    -0.12069
1.2207    -0.12069
1.3138    -0.12069
1.4069    -0.12069
1.5    -0.12069
-1.2    -0.086207
-1.1069    -0.086207
-1.0138    -0.086207
-0.92069    -0.086207
-0.82759    -0.086207
-0.73448    -0.086207
-0.64138    -0.086207
-0.54828    -0.086207
-0.45517    -0.086207
-0.36207    -0.086207
-0.26897    -0.086207
-0.17586    -0.086207
-0.082759    -0.086207
0.010345    -0.086207
0.10345    -0.086207
0.19655    -0.086207
0.28966    -0.086207
0.38276    -0.086207
0.47586    -0.086207
0.56897    -0.086207
0.66207    -0.086207
0.75517    -0.086207
0.84828    -0.086207
0.94138    -0.086207
1.0345    -0.086207
1.1276    -0.086207
1.2207    -0.086207
1.3138    -0.086207
1.4069    -0.086207
1.5    -0.086207
-1.2    -0.051724
-1.1069    -0.051724
-1.0138    -0.051724
-0.92069    -0.051724
-0.82759    -0.051724
-0.73448    -0.051724
-0.64138    -0.051724
-0.54828    -0.051724
-0.45517    -0.051724
-0.36207    -0.051724
-0.26897    -0.051724
-0.17586    -0.051724
-0.082759    -0.051724
0.010345    -0.051724
0.10345    -0.051724
0.19655    -0.051724
0.28966    -0.051724
0.38276    -0.051724
0.47586    -0.051724
0.56897    -0.051724
0.66207    -0.051724
0.75517    -0.051724
0.84828    -0.051724
0.94138    -0.051724
1.0345    -0.051724
1.1276    -0.051724
1.2207    -0.051724
1.3138    -0.051724
1.4069    -0.051724
1.5    -0.051724
-1.2    -0.017241
-1.1069    -0.017241
-1.0138    -0.017241
-0.92069    -0.017241
-0.82759    -0.017241
-0.73448    -0.017241
-0.64138    -0.017241
-0.54828    -0.017241
-0.45517    -0.017241
-0.36207    -0.017241
-0.26897    -0.017241
-0.17586    -0.017241
-0.082759    -0.017241
0.010345    -0.017241
0.10345    -0.017241
0.19655    -0.017241
0.28966    -0.017241
0.38276    -0.017241
0.47586    -0.017241
0.56897    -0.017241
0.66207    -0.017241
0.75517    -0.017241
0.84828    -0.017241
0.94138    -0.017241
1.0345    -0.017241
1.1276    -0.017241
1.2207    -0.017241
1.3138    -0.017241
1.4069    -0.017241
1.5    -0.017241
-1.2    0.017241
-1.1069    0.017241
-1.0138    0.017241
-0.92069    0.017241
-0.82759    0.017241
-0.73448    0.017241
-0.64138    0.017241
-0.54828    0.017241
-0.45517    0.017241
-0.36207    0.017241
-0.26897    0.017241
-0.17586    0.017241
-0.082759    0.017241
0.010345    0.017241
0.10345    0.017241
0.19655    0.017241
0.28966    0.017241
0.38276    0.017241
0.47586    0.017241
0.56897    0.017241
0.66207    0.017241
0.75517    0.017241
0.84828    0.017241
0.94138    0.017241
1.0345    0.017241
1.1276    0.017241
1.2207    0.017241
1.3138    0.017241
1.4069    0.017241
1.5    0.017241
-1.2    0.051724
-1.1069    0.051724
-1.0138    0.051724
-0.92069    0.051724
-0.82759    0.051724
-0.73448    0.051724
-0.64138    0.051724
-0.54828    0.051724
-0.45517    0.051724
-0.36207    0.051724
-0.26897    0.051724
-0.17586    0.051724
-0.082759    0.051724
0.010345    0.051724
0.10345    0.051724
0.19655    0.051724
0.28966    0.051724
0.38276    0.051724
0.47586    0.051724
0.56897    0.051724
0.66207    0.051724
0.75517    0.051724
0.84828    0.051724
0.94138    0.051724
1.0345    0.051724
1.1276    0.051724
1.2207    0.051724
1.3138    0.051724
1.4069    0.051724
1.5    0.051724
-1.2    0.086207
-1.1069    0.086207
-1.0138    0.086207
-0.92069    0.086207
-0.82759    0.086207
-0.73448    0.086207
-0.64138    0.086207
-0.54828    0.086207
-0.45517    0.086207
-0.36207    0.086207
-0.26897    0.086207
-0.17586    0.086207
-0.082759    0.086207
0.010345    0.086207
0.10345    0.086207
0.19655    0.086207
0.28966    0.086207
0.38276    0.086207
0.47586    0.086207
0.56897    0.086207
0.66207    0.086207
0.75517    0.086207
0.84828    0.086207
0.94138    0.086207
1.0345    0.086207
1.1276    0.086207
1.2207    0.086207
1.3138    0.086207
1.4069    0.086207
1.5    0.086207
-1.2    0.12069
-1.1069    0.12069
-1.0138    0.12069
-0.92069    0.12069
-0.82759    0.12069
-0.73448    0.12069
-0.64138    0.12069
-0.54828    0.12069
-0.45517    0.12069
-0.36207    0.12069
-0.26897    0.12069
-0.17586    0.12069
-0.082759    0.12069
0.010345    0.12069
0.10345    0.12069
0.19655    0.12069
0.28966    0.12069
0.38276    0.12069
0.47586    0.12069
0.56897    0.12069
0.66207    0.12069
0.75517    0.12069
0.84828    0.12069
0.94138    0.12069
1.0345    0.12069
1.1276    0.12069
1.2207    0.12069
1.3138    0.12069
1.4069    0.12069
1.5    0.12069
-1.2    0.15517
-1.1069    0.15517
-1.0138    0.15517
-0.92069    0.15517
-0.82759    0.15517
-0.73448    0.15517
-0.64138    0.15517
-0.54828    0.15517
-0.45517    0.15517
-0.36207    0.15517
-0.26897    0.15517
-0.17586    0.15517
-0.082759    0.15517
0.010345    0.15517
0.10345    0.15517
0.19655    0.15517
0.28966    0.15517
0.38276    0.15517
0.47586    0.15517
0.56897    0.15517
0.66207    0.15517
0.75517    0.15517
0.84828    0.15517
0.94138    0.15517
1.0345    0.15517
1.1276    0.15517
1.2207    0.15517
1.3138    0.15517
1.4069    0.15517
1.5    0.15517
-1.2    0.18966
-1.1069    0.18966
-1.0138    0.18966
-0.92069    0.18966
-0.82759    0.18966
-0.73448    0.18966
-0.64138    0.18966
-0.54828    0.18966
-0.45517    0.18966
-0.36207    0.18966
-0.26897    0.18966
-0.17586    0.18966
-0.082759    0.18966
0.010345    0.18966
0.10345    0.18966
0.19655    0.18966
0.28966    0.18966
0.38276    0.18966
0.47586    0.18966
0.56897    0.18966
0.66207    0.18966
0.75517    0.18966
0.84828    0.18966
0.94138    0.18966
1.0345    0.18966
1.1276    0.18966
1.2207    0.18966
1.3138    0.18966
1.4069    0.18966
1.5    0.18966
-1.2    0.22414
-1.1069    0.22414
-1.0138    0.22414
-0.92069    0.22414
-0.82759    0.22414
-0.73448    0.22414
-0.64138    0.22414
-0.54828    0.22414
-0.45517    0.22414
-0.36207    0.22414
-0.26897    0.22414
-0.17586    0.22414
-0.082759    0.22414
0.010345    0.22414
0.10345    0.22414
0.19655    0.22414
0.28966    0.22414
0.38276    0.22414
0.47586    0.22414
0.56897    0.22414
0.66207    0.22414
0.75517    0.22414
0.84828    0.22414
0.94138    0.22414
1.0345    0.22414
1.1276    0.22414
1.2207    0.22414
1.3138    0.22414
1.4069    0.22414
1.5    0.22414
-1.2    0.25862
-1.1069    0.25862
-1.0138    0.25862
-0.92069    0.25862
-0.82759    0.25862
-0.73448    0.25862
-0.64138    0.25862
-0.54828    0.25862
-0.45517    0.25862
-0.36207    0.25862
-0.26897    0.25862
-0.17586    0.25862
-0.082759    0.25862
0.010345    0.25862
0.10345    0.25862
0.19655    0.25862
0.28966    0.25862
0.38276    0.25862
0.47586    0.25862
0.56897    0.25862
0.66207    0.25862
0.75517    0.25862
0.84828    0.25862
0.94138    0.25862
1.0345    0.25862
1.1276    0.25862
1.2207    0.25862
1.3138    0.25862
1.4069    0.25862
1.5    0.25862
-1.2    0.2931
-1.1069    0.2931
-1.0138    0.2931
-0.92069    0.2931
-0.82759    0.2931
-0.73448    0.2931
-0.64138    0.2931
-0.54828    0.2931
-0.45517    0.2931
-0.36207    0.2931
-0.26897    0.2931
-0.17586    0.2931
-0.082759    0.2931
0.010345    0.2931
0.10345    0.2931
0.19655    0.2931
0.28966    0.2931
0.38276    0.2931
0.47586    0.2931
0.56897    0.2931
0.66207    0.2931
0.75517    0.2931
0.84828    0.2931
0.94138    0.2931
1.0345    0.2931
1.1276    0.2931
1.2207    0.2931
1.3138    0.2931
1.4069    0.2931
1.5    0.2931
-1.2    0.32759
-1.1069    0.32759
-1.0138    0.32759
-0.92069    0.32759
-0.82759    0.32759
-0.73448    0.32759
-0.64138    0.32759
-0.54828    0.32759
-0.45517    0.32759
-0.36207    0.32759
-0.26897    0.32759
-0.17586    0.32759
-0.082759    0.32759
0.010345    0.32759
0.10345    0.32759
0.19655    0.32759
0.28966    0.32759
0.38276    0.32759
0.47586    0.32759
0.56897    0.32759
0.66207    0.32759
0.75517    0.32759
0.84828    0.32759
0.94138    0.32759
1.0345    0.32759
1.1276    0.32759
1.2207    0.32759
1.3138    0.32759
1.4069    0.32759
1.5    0.32759
-1.2    0.36207
-1.1069    0.36207
-1.0138    0.36207
-0.92069    0.36207
-0.82759    0.36207
-0.73448    0.36207
-0.64138    0.36207
-0.54828    0.36207
-0.45517    0.36207
-0.36207    0.36207
-0.26897    0.36207
-0.17586    0.36207
-0.082759    0.36207
0.010345    0.36207
0.10345    0.36207
0.19655    0.36207
0.28966    0.36207
0.38276    0.36207
0.47586    0.36207
0.56897    0.36207
0.66207    0.36207
0.75517    0.36207
0.84828    0.36207
0.94138    0.36207
1.0345    0.36207
1.1276    0.36207
1.2207    0.36207
1.3138    0.36207
1.4069    0.36207
1.5    0.36207
-1.2    0.39655
-1.1069    0.39655
-1.0138    0.39655
-0.92069    0.39655
-0.82759    0.39655
-0.73448    0.39655
-0.64138    0.39655
-0.54828    0.39655
-0.45517    0.39655
-0.36207    0.39655
-0.26897    0.39655
-0.17586    0.39655
-0.082759    0.39655
0.010345    0.39655
0.10345    0.39655
0.19655    0.39655
0.28966    0.39655
0.38276    0.39655
0.47586    0.39655
0.56897    0.39655
0.66207    0.39655
0.75517    0.39655
0.84828    0.39655
0.94138    0.39655
1.0345    0.39655
1.1276    0.39655
1.2207    0.39655
1.3138    0.39655
1.4069    0.39655
1.5    0.39655
-1.2    0.43103
-1.1069    0.43103
-1.0138    0.43103
-0.92069    0.43103
-0.82759    0.43103
-0.73448    0.43103
-0.64138    0.43103
-0.54828    0.43103
-0.45517    0.43103
-0.36207    0.43103
-0.26897    0.43103
-0.17586    0.43103
-0.082759    0.43103
0.010345    0.43103
0.10345    0.43103
0.19655    0.43103
0.28966    0.43103
0.38276    0.43103
0.47586    0.43103
0.56897    0.43103
0.66207    0.43103
0.75517    0.43103
0.84828    0.43103
0.94138    0.43103
1.0345    0.43103
1.1276    0.43103
1.2207    0.43103
1.3138    0.43103
1.4069    0.43103
1.5    0.43103
-1.2    0.46552
-1.1069    0.46552
-1.0138    0.46552
-0.92069    0.46552
-0.82759    0.46552
-0.73448    0.46552
-0.64138    0.46552
-0.54828    0.46552
-0.45517    0.46552
-0.36207    0.46552
-0.26897    0.46552
-0.17586    0.46552
-0.082759    0.46552
0.010345    0.46552
0.10345    0.46552
0.19655    0.46552
0.28966    0.46552
0.38276    0.46552
0.47586    0.46552
0.56897    0.46552
0.66207    0.46552
0.75517    0.46552
0.84828    0.46552
0.94138    0.46552
1.0345    0.46552
1.1276    0.46552
1.2207    0.46552
1.3138    0.46552
1.4069    0.46552
1.5    0.46552
-1.2    0.5
-1.1069    0.5
-1.0138    0.5
-0.92069    0.5
-0.82759    0.5
-0.73448    0.5
-0.64138    0.5
-0.54828    0.5
-0.45517    0.5
-0.36207    0.5
-0.26897    0.5
-0.17586    0.5
-0.082759    0.5
0.010345    0.5
0.10345    0.5
0.19655    0.5
0.28966    0.5
0.38276    0.5
0.47586    0.5
0.56897    0.5
0.66207    0.5
0.75517    0.5
0.84828    0.5
0.94138    0.5
1.0345    0.5
1.1276    0.5
1.2207    0.5
1.3138    0.5
1.4069    0.5
1.5    0.5