-0.25    -0.2
-0.21282    -0.2
-0.17564    -0.2
-0.13846    -0.2
-0.10128    -0.2
-0.064103    -0.2
-0.026923    -0.2
0.010256    -0.2
0.047436    -0.2
0.084615    -0.2
0.12179    -0.2
0.15897    -0.2
0.19615    -0.2
0.23333    -0.2
0.27051    -0.2
0.30769    -0.2
0.34487    -0.2
0.38205    -0.2
0.41923    -0.2
0.45641    -0.2
0.49359    -0.2
0.53077    -0.2
0.56795    -0.2
0.60513    -0.2
0.64231    -0.2
0.67949    -0.2
0.71667    -0.2
0.75385    -0.2
0.79103    -0.2
0.82821    -0.2
0.86538    -0.2
0.90256    -0.2
0.93974    -0.2
0.97692    -0.2
1.0141    -0.2
1.0513    -0.2
1.0885    -0.2
1.1256    -0.2
1.1628    -0.2
1.2    -0.2
-0.25    -0.18846
-0.21282    -0.18846
-0.17564    -0.18846
-0.13846    -0.18846
-0.10128    -0.18846
-0.064103    -0.18846
-0.026923    -0.18846
0.010256    -0.18846
0.047436    -0.18846
0.084615    -0.18846
0.12179    -0.18846
0.15897    -0.18846
0.19615    -0.18846
0.23333    -0.18846
0.27051    -0.18846
0.30769    -0.18846
0.34487    -0.18846
0.38205    -0.18846
0.41923    -0.18846
0.45641    -0.18846
0.49359    -0.18846
0.53077    -0.18846
0.56795    -0.18846
0.60513    -0.18846
0.64231    -0.18846
0.67949    -0.18846
0.71667    -0.18846
0.75385    -0.18846
0.79103    -0.18846
0.82821    -0.18846
0.86538    -0.18846
0.90256    -0.18846
0.93974    -0.18846
0.97692    -0.18846
1.0141    -0.18846
1.0513    -0.18846
1.0885    -0.18846
1.1256    -0.18846
1.1628    -0.18846
1.2    -0.18846
-0.25    -0.17692
-0.21282    -0.17692
-0.17564    -0.17692
-0.13846    -0.17692
-0.10128    -0.17692
-0.064103    -0.17692
-0.026923    -0.17692
0.010256    -0.17692
0.047436    -0.17692
0.084615    -0.17692
0.12179    -0.17692
0.15897    -0.17692
0.19615    -0.17692
0.23333    -0.17692
0.27051    -0.17692
0.30769    -0.17692
0.34487    -0.17692
0.38205    -0.17692
0.41923    -0.17692
0.45641    -0.17692
0.49359    -0.17692
0.53077    -0.17692
0.56795    -0.17692
0.60513    -0.17692
0.64231    -0.17692
0.67949    -0.17692
0.71667    -0.17692
0.75385    -0.17692
0.79103    -0.17692
0.82821    -0.17692
0.86538    -0.17692
0.90256    -0.17692
0.93974    -0.17692
0.97692    -0.17692
1.0141    -0.17692
1.0513    -0.17692
1.0885    -0.17692
1.1256    -0.17692
1.1628    -0.17692
1.2    -0.17692
-0.25    -0.16538
-0.21282    -0.16538
-0.17564    -0.16538
-0.13846    -0.16538
-0.10128    -0.16538
-0.064103    -0.16538
-0.026923    -0.16538
0.010256    -0.16538
0.047436    -0.16538
0.084615    -0.16538
0.12179    -0.16538
0.15897    -0.16538
0.19615    -0.16538
0.23333    -0.16538
0.27051    -0.16538
0.30769    -0.16538
0.34487    -0.16538
0.38205    -0.16538
0.41923    -0.16538
0.45641    -0.16538
0.49359    -0.16538
0.53077    -0.16538
0.56795    -0.16538
0.60513    -0.16538
0.64231    -0.16538
0.67949    -0.16538
0.71667    -0.16538
0.75385    -0.16538
0.79103    -0.16538
0.82821    -0.16538
0.86538    -0.16538
0.90256    -0.16538
0.93974    -0.16538
0.97692    -0.16538
1.0141    -0.16538
1.0513    -0.16538
1.0885    -0.16538
1.1256    -0.16538
1.1628    -0.16538
1.2    -0.16538
-0.25    -0.15385
-0.21282    -0.15385
-0.17564    -0.15385
-0.13846    -0.15385
-0.10128    -0.15385
-0.064103    -0.15385
-0.026923    -0.15385
0.010256    -0.15385
0.047436    -0.15385
0.084615    -0.15385
0.12179    -0.15385
0.15897    -0.15385
0.19615    -0.15385
0.23333    -0.15385
0.27051    -0.15385
0.30769    -0.15385
0.34487    -0.15385
0.38205    -0.15385
0.41923    -0.15385
0.45641    -0.15385
0.49359    -0.15385
0.53077    -0.15385
0.56795    -0.15385
0.60513    -0.15385
0.64231    -0.15385
0.67949    -0.15385
0.71667    -0.15385
0.75385    -0.15385
0.79103    -0.15385
0.82821    -0.15385
0.86538    -0.15385
0.90256    -0.15385
0.93974    -0.15385
0.97692    -0.15385
1.0141    -0.15385
1.0513    -0.15385
1.0885    -0.15385
1.1256    -0.15385
1.1628    -0.15385
1.2    -0.15385
-0.25    -0.14231
-0.21282    -0.14231
-0.17564    -0.14231
-0.13846    -0.14231
-0.10128    -0.14231
-0.064103    -0.14231
-0.026923    -0.14231
0.010256    -0.14231
0.047436    -0.14231
0.084615    -0.14231
0.12179    -0.14231
0.15897    -0.14231
0.19615    -0.14231
0.23333    -0.14231
0.27051    -0.14231
0.30769    -0.14231
0.34487    -0.14231
0.38205    -0.14231
0.41923    -0.14231
0.45641    -0.14231
0.49359    -0.14231
0.53077    -0.14231
0.56795    -0.14231
0.60513    -0.14231
0.64231    -0.14231
0.67949    -0.14231
0.71667    -0.14231
0.75385    -0.14231
0.79103    -0.14231
0.82821    -0.14231
0.86538    -0.14231
0.90256    -0.14231
0.93974    -0.14231
0.97692    -0.14231
1.0141    -0.14231
1.0513    -0.14231
1.0885    -0.14231
1.1256    -0.14231
1.1628    -0.14231
1.2    -0.14231
-0.25    -0.13077
-0.21282    -0.13077
-0.17564    -0.13077
-0.13846    -0.13077
-0.10128    -0.13077
-0.064103    -0.13077
-0.026923    -0.13077
0.010256    -0.13077
0.047436    -0.13077
0.084615    -0.13077
0.12179    -0.13077
0.15897    -0.13077
0.19615    -0.13077
0.23333    -0.13077
0.27051    -0.13077
0.30769    -0.13077
0.34487    -0.13077
0.38205    -0.13077
0.41923    -0.13077
0.45641    -0.13077
0.49359    -0.13077
0.53077    -0.13077
0.56795    -0.13077
0.60513    -0.13077
0.64231    -0.13077
0.67949    -0.13077
0.71667    -0.13077
0.75385    -0.13077
0.79103    -0.13077
0.82821    -0.13077
0.86538    -0.13077
0.90256    -0.13077
0.93974    -0.13077
0.97692    -0.13077
1.0141    -0.13077
1.0513    -0.13077
1.0885    -0.13077
1.1256    -0.13077
1.1628    -0.13077
1.2    -0.13077
-0.25    -0.11923
-0.21282    -0.11923
-0.17564    -0.11923
-0.13846    -0.11923
-0.10128    -0.11923
-0.064103    -0.11923
-0.026923    -0.11923
0.010256    -0.11923
0.047436    -0.11923
0.084615    -0.11923
0.12179    -0.11923
0.15897    -0.11923
0.19615    -0.11923
0.23333    -0.11923
0.27051    -0.11923
0.30769    -0.11923
0.34487    -0.11923
0.38205    -0.11923
0.41923    -0.11923
0.45641    -0.11923
0.49359    -0.11923
0.53077    -0.11923
0.56795    -0.11923
0.60513    -0.11923
0.64231    -0.11923
0.67949    -0.11923
0.71667    -0.11923
0.75385    -0.11923
0.79103    -0.11923
0.82821    -0.11923
0.86538    -0.11923
0.90256    -0.11923
0.93974    -0.11923
0.97692    -0.11923
1.0141    -0.11923
1.0513    -0.11923
1.0885    -0.11923
1.1256    -0.11923
1.1628    -0.11923
1.2    -0.11923
-0.25    -0.10769
-0.21282    -0.10769
-0.17564    -0.10769
-0.13846    -0.10769
-0.10128    -0.10769
-0.064103    -0.10769
-0.026923    -0.10769
0.010256    -0.10769
0.047436    -0.10769
0.084615    -0.10769
0.12179    -0.10769
0.15897    -0.10769
0.19615    -0.10769
0.23333    -0.10769
0.27051    -0.10769
0.30769    -0.10769
0.34487    -0.10769
0.38205    -0.10769
0.41923    -0.10769
0.45641    -0.10769
0.49359    -0.10769
0.53077    -0.10769
0.56795    -0.10769
0.60513    -0.10769
0.64231    -0.10769
0.67949    -0.10769
0.71667    -0.10769
0.75385    -0.10769
0.79103    -0.10769
0.82821    -0.10769
0.86538    -0.10769
0.90256    -0.10769
0.93974    -0.10769
0.97692    -0.10769
1.0141    -0.10769
1.0513    -0.10769
1.0885    -0.10769
1.1256    -0.10769
1.1628    -0.10769
1.2    -0.10769
-0.25    -0.096154
-0.21282    -0.096154
-0.17564    -0.096154
-0.13846    -0.096154
-0.10128    -0.096154
-0.064103    -0.096154
-0.026923    -0.096154
0.010256    -0.096154
0.047436    -0.096154
0.084615    -0.096154
0.12179    -0.096154
0.15897    -0.096154
0.19615    -0.096154
0.23333    -0.096154
0.27051    -0.096154
0.30769    -0.096154
0.34487    -0.096154
0.38205    -0.096154
0.41923    -0.096154
0.45641    -0.096154
0.49359    -0.096154
0.53077    -0.096154
0.56795    -0.096154
0.60513    -0.096154
0.64231    -0.096154
0.67949    -0.096154
0.71667    -0.096154
0.75385    -0.096154
0.79103    -0.096154
0.82821    -0.096154
0.86538    -0.096154
0.90256    -0.096154
0.93974    -0.096154
0.97692    -0.096154
1.0141    -0.096154
1.0513    -0.096154
1.0885    -0.096154
1.1256    -0.096154
1.1628    -0.096154
1.2    -0.096154
-0.25    -0.084615
-0.21282    -0.084615
-0.17564    -0.084615
-0.13846    -0.084615
-0.10128    -0.084615
-0.064103    -0.084615
-0.026923    -0.084615
0.010256    -0.084615
0.047436    -0.084615
0.084615    -0.084615
0.12179    -0.084615
0.15897    -0.084615
0.19615    -0.084615
0.23333    -0.084615
0.27051    -0.084615
0.30769    -0.084615
0.34487    -0.084615
0.38205    -0.084615
0.41923    -0.084615
0.45641    -0.084615
0.49359    -0.084615
0.53077    -0.084615
0.56795    -0.084615
0.60513    -0.084615
0.64231    -0.084615
0.67949    -0.084615
0.71667    -0.084615
0.75385    -0.084615
0.79103    -0.084615
0.82821    -0.084615
0.86538    -0.084615
0.90256    -0.084615
0.93974    -0.084615
0.97692    -0.084615
1.0141    -0.084615
1.0513    -0.084615
1.0885    -0.084615
1.1256    -0.084615
1.1628    -0.084615
1.2    -0.084615
-0.25    -0.073077
-0.21282    -0.073077
-0.17564    -0.073077
-0.13846    -0.073077
-0.10128    -0.073077
-0.064103    -0.073077
-0.026923    -0.073077
0.010256    -0.073077
0.047436    -0.073077
0.084615    -0.073077
0.12179    -0.073077
0.15897    -0.073077
0.19615    -0.073077
0.23333    -0.073077
0.27051    -0.073077
0.30769    -0.073077
0.34487    -0.073077
0.38205    -0.073077
0.41923    -0.073077
0.45641    -0.073077
0.49359    -0.073077
0.53077    -0.073077
0.56795    -0.073077
0.60513    -0.073077
0.64231    -0.073077
0.67949    -0.073077
0.71667    -0.073077
0.75385    -0.073077
0.79103    -0.073077
0.82821    -0.073077
0.86538    -0.073077
0.90256    -0.073077
0.93974    -0.073077
0.97692    -0.073077
1.0141    -0.073077
1.0513    -0.073077
1.0885    -0.073077
1.1256    -0.073077
1.1628    -0.073077
1.2    -0.073077
-0.25    -0.061538
-0.21282    -0.061538
-0.17564    -0.061538
-0.13846    -0.061538
-0.10128    -0.061538
-0.064103    -0.061538
-0.026923    -0.061538
0.010256    -0.061538
0.047436    -0.061538
0.084615    -0.061538
0.12179    -0.061538
0.15897    -0.061538
0.19615    -0.061538
0.23333    -0.061538
0.27051    -0.061538
0.30769    -0.061538
0.34487    -0.061538
0.38205    -0.061538
0.41923    -0.061538
0.45641    -0.061538
0.49359    -0.061538
0.53077    -0.061538
0.56795    -0.061538
0.60513    -0.061538
0.64231    -0.061538
0.67949    -0.061538
0.71667    -0.061538
0.75385    -0.061538
0.79103    -0.061538
0.82821    -0.061538
0.86538    -0.061538
0.90256    -0.061538
0.93974    -0.061538
0.97692    -0.061538
1.0141    -0.061538
1.0513    -0.061538
1.0885    -0.061538
1.1256    -0.061538
1.1628    -0.061538
1.2    -0.061538
-0.25    -0.05
-0.21282    -0.05
-0.17564    -0.05
-0.13846    -0.05
-0.10128    -0.05
-0.064103    -0.05
-0.026923    -0.05
0.010256    -0.05
0.047436    -0.05
0.084615    -0.05
0.12179    -0.05
0.15897    -0.05
0.19615    -0.05
0.23333    -0.05
0.27051    -0.05
0.30769    -0.05
0.34487    -0.05
0.38205    -0.05
0.41923    -0.05
0.45641    -0.05
0.49359    -0.05
0.53077    -0.05
0.56795    -0.05
0.60513    -0.05
0.64231    -0.05
0.67949    -0.05
0.71667    -0.05
0.75385    -0.05
0.79103    -0.05
0.82821    -0.05
0.86538    -0.05
0.90256    -0.05
0.93974    -0.05
0.97692    -0.05
1.0141    -0.05
1.0513    -0.05
1.0885    -0.05
1.1256    -0.05
1.1628    -0.05
1.2    -0.05
-0.25    -0.038462
-0.21282    -0.038462
-0.17564    -0.038462
-0.13846    -0.038462
-0.10128    -0.038462
-0.064103    -0.038462
-0.026923    -0.038462
0.010256    -0.038462
0.047436    -0.038462
0.084615    -0.038462
0.12179    -0.038462
0.15897    -0.038462
0.19615    -0.038462
0.23333    -0.038462
0.27051    -0.038462
0.30769    -0.038462
0.34487    -0.038462
0.38205    -0.038462
0.41923    -0.038462
0.45641    -0.038462
0.49359    -0.038462
0.53077    -0.038462
0.56795    -0.038462
0.60513    -0.038462
0.64231    -0.038462
0.67949    -0.038462
0.71667    -0.038462
0.75385    -0.038462
0.79103    -0.038462
0.82821    -0.038462
0.86538    -0.038462
0.90256    -0.038462
0.93974    -0.038462
0.97692    -0.038462
1.0141    -0.038462
1.0513    -0.038462
1.0885    -0.038462
1.1256    -0.038462
1.1628    -0.038462
1.2    -0.038462
-0.25    -0.026923
-0.21282    -0.026923
-0.17564    -0.026923
-0.13846    -0.026923
-0.10128    -0.026923
-0.064103    -0.026923
-0.026923    -0.026923
0.010256    -0.026923
0.047436    -0.026923
0.084615    -0.026923
0.12179    -0.026923
0.15897    -0.026923
0.19615    -0.026923
0.23333    -0.026923
0.27051    -0.026923
0.30769    -0.026923
0.34487    -0.026923
0.38205    -0.026923
0.41923    -0.026923
0.45641    -0.026923
0.49359    -0.026923
0.53077    -0.026923
0.56795    -0.026923
0.60513    -0.026923
0.64231    -0.026923
0.67949    -0.026923
0.71667    -0.026923
0.75385    -0.026923
0.79103    -0.026923
0.82821    -0.026923
0.86538    -0.026923
0.90256    -0.026923
0.93974    -0.026923
0.97692    -0.026923
1.0141    -0.026923
1.0513    -0.026923
1.0885    -0.026923
1.1256    -0.026923
1.1628    -0.026923
1.2    -0.026923
-0.25    -0.015385
-0.21282    -0.015385
-0.17564    -0.015385
-0.13846    -0.015385
-0.10128    -0.015385
-0.064103    -0.015385
-0.026923    -0.015385
0.010256    -0.015385
0.047436    -0.015385
0.084615    -0.015385
0.12179    -0.015385
0.15897    -0.015385
0.19615    -0.015385
0.23333    -0.015385
0.27051    -0.015385
0.30769    -0.015385
0.34487    -0.015385
0.38205    -0.015385
0.41923    -0.015385
0.45641    -0.015385
0.49359    -0.015385
0.53077    -0.015385
0.56795    -0.015385
0.60513    -0.015385
0.64231    -0.015385
0.67949    -0.015385
0.71667    -0.015385
0.75385    -0.015385
0.79103    -0.015385
0.82821    -0.015385
0.86538    -0.015385
0.90256    -0.015385
0.93974    -0.015385
0.97692    -0.015385
1.0141    -0.015385
1.0513    -0.015385
1.0885    -0.015385
1.1256    -0.015385
1.1628    -0.015385
1.2    -0.015385
-0.25    -0.0038462
-0.21282    -0.0038462
-0.17564    -0.0038462
-0.13846    -0.0038462
-0.10128    -0.0038462
-0.064103    -0.0038462
-0.026923    -0.0038462
0.010256    -0.0038462
0.047436    -0.0038462
0.084615    -0.0038462
0.12179    -0.0038462
0.15897    -0.0038462
0.19615    -0.0038462
0.23333    -0.0038462
0.27051    -0.0038462
0.30769    -0.0038462
0.34487    -0.0038462
0.38205    -0.0038462
0.41923    -0.0038462
0.45641    -0.0038462
0.49359    -0.0038462
0.53077    -0.0038462
0.56795    -0.0038462
0.60513    -0.0038462
0.64231    -0.0038462
0.67949    -0.0038462
0.71667    -0.0038462
0.75385    -0.0038462
0.79103    -0.0038462
0.82821    -0.0038462
0.86538    -0.0038462
0.90256    -0.0038462
0.93974    -0.0038462
0.97692    -0.0038462
1.0141    -0.0038462
1.0513    -0.0038462
1.0885    -0.0038462
1.1256    -0.0038462
1.1628    -0.0038462
1.2    -0.0038462
-0.25    0.0076923
-0.21282    0.0076923
-0.17564    0.0076923
-0.13846    0.0076923
-0.10128    0.0076923
-0.064103    0.0076923
-0.026923    0.0076923
0.010256    0.0076923
0.047436    0.0076923
0.084615    0.0076923
0.12179    0.0076923
0.15897    0.0076923
0.19615    0.0076923
0.23333    0.0076923
0.27051    0.0076923
0.30769    0.0076923
0.34487    0.0076923
0.38205    0.0076923
0.41923    0.0076923
0.45641    0.0076923
0.49359    0.0076923
0.53077    0.0076923
0.56795    0.0076923
0.60513    0.0076923
0.64231    0.0076923
0.67949    0.0076923
0.71667    0.0076923
0.75385    0.0076923
0.79103    0.0076923
0.82821    0.0076923
0.86538    0.0076923
0.90256    0.0076923
0.93974    0.0076923
0.97692    0.0076923
1.0141    0.0076923
1.0513    0.0076923
1.0885    0.0076923
1.1256    0.0076923
1.1628    0.0076923
1.2    0.0076923
-0.25    0.019231
-0.21282    0.019231
-0.17564    0.019231
-0.13846    0.019231
-0.10128    0.019231
-0.064103    0.019231
-0.026923    0.019231
0.010256    0.019231
0.047436    0.019231
0.084615    0.019231
0.12179    0.019231
0.15897    0.019231
0.19615    0.019231
0.23333    0.019231
0.27051    0.019231
0.30769    0.019231
0.34487    0.019231
0.38205    0.019231
0.41923    0.019231
0.45641    0.019231
0.49359    0.019231
0.53077    0.019231
0.56795    0.019231
0.60513    0.019231
0.64231    0.019231
0.67949    0.019231
0.71667    0.019231
0.75385    0.019231
0.79103    0.019231
0.82821    0.019231
0.86538    0.019231
0.90256    0.019231
0.93974    0.019231
0.97692    0.019231
1.0141    0.019231
1.0513    0.019231
1.0885    0.019231
1.1256    0.019231
1.1628    0.019231
1.2    0.019231
-0.25    0.030769
-0.21282    0.030769
-0.17564    0.030769
-0.13846    0.030769
-0.10128    0.030769
-0.064103    0.030769
-0.026923    0.030769
0.010256    0.030769
0.047436    0.030769
0.084615    0.030769
0.12179    0.030769
0.15897    0.030769
0.19615    0.030769
0.23333    0.030769
0.27051    0.030769
0.30769    0.030769
0.34487    0.030769
0.38205    0.030769
0.41923    0.030769
0.45641    0.030769
0.49359    0.030769
0.53077    0.030769
0.56795    0.030769
0.60513    0.030769
0.64231    0.030769
0.67949    0.030769
0.71667    0.030769
0.75385    0.030769
0.79103    0.030769
0.82821    0.030769
0.86538    0.030769
0.90256    0.030769
0.93974    0.030769
0.97692    0.030769
1.0141    0.030769
1.0513    0.030769
1.0885    0.030769
1.1256    0.030769
1.1628    0.030769
1.2    0.030769
-0.25    0.042308
-0.21282    0.042308
-0.17564    0.042308
-0.13846    0.042308
-0.10128    0.042308
-0.064103    0.042308
-0.026923    0.042308
0.010256    0.042308
0.047436    0.042308
0.084615    0.042308
0.12179    0.042308
0.15897    0.042308
0.19615    0.042308
0.23333    0.042308
0.27051    0.042308
0.30769    0.042308
0.34487    0.042308
0.38205    0.042308
0.41923    0.042308
0.45641    0.042308
0.49359    0.042308
0.53077    0.042308
0.56795    0.042308
0.60513    0.042308
0.64231    0.042308
0.67949    0.042308
0.71667    0.042308
0.75385    0.042308
0.79103    0.042308
0.82821    0.042308
0.86538    0.042308
0.90256    0.042308
0.93974    0.042308
0.97692    0.042308
1.0141    0.042308
1.0513    0.042308
1.0885    0.042308
1.1256    0.042308
1.1628    0.042308
1.2    0.042308
-0.25    0.053846
-0.21282    0.053846
-0.17564    0.053846
-0.13846    0.053846
-0.10128    0.053846
-0.064103    0.053846
-0.026923    0.053846
0.010256    0.053846
0.047436    0.053846
0.084615    0.053846
0.12179    0.053846
0.15897    0.053846
0.19615    0.053846
0.23333    0.053846
0.27051    0.053846
0.30769    0.053846
0.34487    0.053846
0.38205    0.053846
0.41923    0.053846
0.45641    0.053846
0.49359    0.053846
0.53077    0.053846
0.56795    0.053846
0.60513    0.053846
0.64231    0.053846
0.67949    0.053846
0.71667    0.053846
0.75385    0.053846
0.79103    0.053846
0.82821    0.053846
0.86538    0.053846
0.90256    0.053846
0.93974    0.053846
0.97692    0.053846
1.0141    0.053846
1.0513    0.053846
1.0885    0.053846
1.1256    0.053846
1.1628    0.053846
1.2    0.053846
-0.25    0.065385
-0.21282    0.065385
-0.17564    0.065385
-0.13846    0.065385
-0.10128    0.065385
-0.064103    0.065385
-0.026923    0.065385
0.010256    0.065385
0.047436    0.065385
0.084615    0.065385
0.12179    0.065385
0.15897    0.065385
0.19615    0.065385
0.23333    0.065385
0.27051    0.065385
0.30769    0.065385
0.34487    0.065385
0.38205    0.065385
0.41923    0.065385
0.45641    0.065385
0.49359    0.065385
0.53077    0.065385
0.56795    0.065385
0.60513    0.065385
0.64231    0.065385
0.67949    0.065385
0.71667    0.065385
0.75385    0.065385
0.79103    0.065385
0.82821    0.065385
0.86538    0.065385
0.90256    0.065385
0.93974    0.065385
0.97692    0.065385
1.0141    0.065385
1.0513    0.065385
1.0885    0.065385
1.1256    0.065385
1.1628    0.065385
1.2    0.065385
-0.25    0.076923
-0.21282    0.076923
-0.17564    0.076923
-0.13846    0.076923
-0.10128    0.076923
-0.064103    0.076923
-0.026923    0.076923
0.010256    0.076923
0.047436    0.076923
0.084615    0.076923
0.12179    0.076923
0.15897    0.076923
0.19615    0.076923
0.23333    0.076923
0.27051    0.076923
0.30769    0.076923
0.34487    0.076923
0.38205    0.076923
0.41923    0.076923
0.45641    0.076923
0.49359    0.076923
0.53077    0.076923
0.56795    0.076923
0.60513    0.076923
0.64231    0.076923
0.67949    0.076923
0.71667    0.076923
0.75385    0.076923
0.79103    0.076923
0.82821    0.076923
0.86538    0.076923
0.90256    0.076923
0.93974    0.076923
0.97692    0.076923
1.0141    0.076923
1.0513    0.076923
1.0885    0.076923
1.1256    0.076923
1.1628    0.076923
1.2    0.076923
-0.25    0.088462
-0.21282    0.088462
-0.17564    0.088462
-0.13846    0.088462
-0.10128    0.088462
-0.064103    0.088462
-0.026923    0.088462
0.010256    0.088462
0.047436    0.088462
0.084615    0.088462
0.12179    0.088462
0.15897    0.088462
0.19615    0.088462
0.23333    0.088462
0.27051    0.088462
0.30769    0.088462
0.34487    0.088462
0.38205    0.088462
0.41923    0.088462
0.45641    0.088462
0.49359    0.088462
0.53077    0.088462
0.56795    0.088462
0.60513    0.088462
0.64231    0.088462
0.67949    0.088462
0.71667    0.088462
0.75385    0.088462
0.79103    0.088462
0.82821    0.088462
0.86538    0.088462
0.90256    0.088462
0.93974    0.088462
0.97692    0.088462
1.0141    0.088462
1.0513    0.088462
1.0885    0.088462
1.1256    0.088462
1.1628    0.088462
1.2    0.088462
-0.25    0.1
-0.21282    0.1
-0.17564    0.1
-0.13846    0.1
-0.10128    0.1
-0.064103    0.1
-0.026923    0.1
0.010256    0.1
0.047436    0.1
0.084615    0.1
0.12179    0.1
0.15897    0.1
0.19615    0.1
0.23333    0.1
0.27051    0.1
0.30769    0.1
0.34487    0.1
0.38205    0.1
0.41923    0.1
0.45641    0.1
0.49359    0.1
0.53077    0.1
0.56795    0.1
0.60513    0.1
0.64231    0.1
0.67949    0.1
0.71667    0.1
0.75385    0.1
0.79103    0.1
0.82821    0.1
0.86538    0.1
0.90256    0.1
0.93974    0.1
0.97692    0.1
1.0141    0.1
1.0513    0.1
1.0885    0.1
1.1256    0.1
1.1628    0.1
1.2    0.1
-0.25    0.11154
-0.21282    0.11154
-0.17564    0.11154
-0.13846    0.11154
-0.10128    0.11154
-0.064103    0.11154
-0.026923    0.11154
0.010256    0.11154
0.047436    0.11154
0.084615    0.11154
0.12179    0.11154
0.15897    0.11154
0.19615    0.11154
0.23333    0.11154
0.27051    0.11154
0.30769    0.11154
0.34487    0.11154
0.38205    0.11154
0.41923    0.11154
0.45641    0.11154
0.49359    0.11154
0.53077    0.11154
0.56795    0.11154
0.60513    0.11154
0.64231    0.11154
0.67949    0.11154
0.71667    0.11154
0.75385    0.11154
0.79103    0.11154
0.82821    0.11154
0.86538    0.11154
0.90256    0.11154
0.93974    0.11154
0.97692    0.11154
1.0141    0.11154
1.0513    0.11154
1.0885    0.11154
1.1256    0.11154
1.1628    0.11154
1.2    0.11154
-0.25    0.12308
-0.21282    0.12308
-0.17564    0.12308
-0.13846    0.12308
-0.10128    0.12308
-0.064103    0.12308
-0.026923    0.12308
0.010256    0.12308
0.047436    0.12308
0.084615    0.12308
0.12179    0.12308
0.15897    0.12308
0.19615    0.12308
0.23333    0.12308
0.27051    0.12308
0.30769    0.12308
0.34487    0.12308
0.38205    0.12308
0.41923    0.12308
0.45641    0.12308
0.49359    0.12308
0.53077    0.12308
0.56795    0.12308
0.60513    0.12308
0.64231    0.12308
0.67949    0.12308
0.71667    0.12308
0.75385    0.12308
0.79103    0.12308
0.82821    0.12308
0.86538    0.12308
0.90256    0.12308
0.93974    0.12308
0.97692    0.12308
1.0141    0.12308
1.0513    0.12308
1.0885    0.12308
1.1256    0.12308
1.1628    0.12308
1.2    0.12308
-0.25    0.13462
-0.21282    0.13462
-0.17564    0.13462
-0.13846    0.13462
-0.10128    0.13462
-0.064103    0.13462
-0.026923    0.13462
0.010256    0.13462
0.047436    0.13462
0.084615    0.13462
0.12179    0.13462
0.15897    0.13462
0.19615    0.13462
0.23333    0.13462
0.27051    0.13462
0.30769    0.13462
0.34487    0.13462
0.38205    0.13462
0.41923    0.13462
0.45641    0.13462
0.49359    0.13462
0.53077    0.13462
0.56795    0.13462
0.60513    0.13462
0.64231    0.13462
0.67949    0.13462
0.71667    0.13462
0.75385    0.13462
0.79103    0.13462
0.82821    0.13462
0.86538    0.13462
0.90256    0.13462
0.93974    0.13462
0.97692    0.13462
1.0141    0.13462
1.0513    0.13462
1.0885    0.13462
1.1256    0.13462
1.1628    0.13462
1.2    0.13462
-0.25    0.14615
-0.21282    0.14615
-0.17564    0.14615
-0.13846    0.14615
-0.10128    0.14615
-0.064103    0.14615
-0.026923    0.14615
0.010256    0.14615
0.047436    0.14615
0.084615    0.14615
0.12179    0.14615
0.15897    0.14615
0.19615    0.14615
0.23333    0.14615
0.27051    0.14615
0.30769    0.14615
0.34487    0.14615
0.38205    0.14615
0.41923    0.14615
0.45641    0.14615
0.49359    0.14615
0.53077    0.14615
0.56795    0.14615
0.60513    0.14615
0.64231    0.14615
0.67949    0.14615
0.71667    0.14615
0.75385    0.14615
0.79103    0.14615
0.82821    0.14615
0.86538    0.14615
0.90256    0.14615
0.93974    0.14615
0.97692    0.14615
1.0141    0.14615
1.0513    0.14615
1.0885    0.14615
1.1256    0.14615
1.1628    0.14615
1.2    0.14615
-0.25    0.15769
-0.21282    0.15769
-0.17564    0.15769
-0.13846    0.15769
-0.10128    0.15769
-0.064103    0.15769
-0.026923    0.15769
0.010256    0.15769
0.047436    0.15769
0.084615    0.15769
0.12179    0.15769
0.15897    0.15769
0.19615    0.15769
0.23333    0.15769
0.27051    0.15769
0.30769    0.15769
0.34487    0.15769
0.38205    0.15769
0.41923    0.15769
0.45641    0.15769
0.49359    0.15769
0.53077    0.15769
0.56795    0.15769
0.60513    0.15769
0.64231    0.15769
0.67949    0.15769
0.71667    0.15769
0.75385    0.15769
0.79103    0.15769
0.82821    0.15769
0.86538    0.15769
0.90256    0.15769
0.93974    0.15769
0.97692    0.15769
1.0141    0.15769
1.0513    0.15769
1.0885    0.15769
1.1256    0.15769
1.1628    0.15769
1.2    0.15769
-0.25    0.16923
-0.21282    0.16923
-0.17564    0.16923
-0.13846    0.16923
-0.10128    0.16923
-0.064103    0.16923
-0.026923    0.16923
0.010256    0.16923
0.047436    0.16923
0.084615    0.16923
0.12179    0.16923
0.15897    0.16923
0.19615    0.16923
0.23333    0.16923
0.27051    0.16923
0.30769    0.16923
0.34487    0.16923
0.38205    0.16923
0.41923    0.16923
0.45641    0.16923
0.49359    0.16923
0.53077    0.16923
0.56795    0.16923
0.60513    0.16923
0.64231    0.16923
0.67949    0.16923
0.71667    0.16923
0.75385    0.16923
0.79103    0.16923
0.82821    0.16923
0.86538    0.16923
0.90256    0.16923
0.93974    0.16923
0.97692    0.16923
1.0141    0.16923
1.0513    0.16923
1.0885    0.16923
1.1256    0.16923
1.1628    0.16923
1.2    0.16923
-0.25    0.18077
-0.21282    0.18077
-0.17564    0.18077
-0.13846    0.18077
-0.10128    0.18077
-0.064103    0.18077
-0.026923    0.18077
0.010256    0.18077
0.047436    0.18077
0.084615    0.18077
0.12179    0.18077
0.15897    0.18077
0.19615    0.18077
0.23333    0.18077
0.27051    0.18077
0.30769    0.18077
0.34487    0.18077
0.38205    0.18077
0.41923    0.18077
0.45641    0.18077
0.49359    0.18077
0.53077    0.18077
0.56795    0.18077
0.60513    0.18077
0.64231    0.18077
0.67949    0.18077
0.71667    0.18077
0.75385    0.18077
0.79103    0.18077
0.82821    0.18077
0.86538    0.18077
0.90256    0.18077
0.93974    0.18077
0.97692    0.18077
1.0141    0.18077
1.0513    0.18077
1.0885    0.18077
1.1256    0.18077
1.1628    0.18077
1.2    0.18077
-0.25    0.19231
-0.21282    0.19231
-0.17564    0.19231
-0.13846    0.19231
-0.10128    0.19231
-0.064103    0.19231
-0.026923    0.19231
0.010256    0.19231
0.047436    0.19231
0.084615    0.19231
0.12179    0.19231
0.15897    0.19231
0.19615    0.19231
0.23333    0.19231
0.27051    0.19231
0.30769    0.19231
0.34487    0.19231
0.38205    0.19231
0.41923    0.19231
0.45641    0.19231
0.49359    0.19231
0.53077    0.19231
0.56795    0.19231
0.60513    0.19231
0.64231    0.19231
0.67949    0.19231
0.71667    0.19231
0.75385    0.19231
0.79103    0.19231
0.82821    0.19231
0.86538    0.19231
0.90256    0.19231
0.93974    0.19231
0.97692    0.19231
1.0141    0.19231
1.0513    0.19231
1.0885    0.19231
1.1256    0.19231
1.1628    0.19231
1.2    0.19231
-0.25    0.20385
-0.21282    0.20385
-0.17564    0.20385
-0.13846    0.20385
-0.10128    0.20385
-0.064103    0.20385
-0.026923    0.20385
0.010256    0.20385
0.047436    0.20385
0.084615    0.20385
0.12179    0.20385
0.15897    0.20385
0.19615    0.20385
0.23333    0.20385
0.27051    0.20385
0.30769    0.20385
0.34487    0.20385
0.38205    0.20385
0.41923    0.20385
0.45641    0.20385
0.49359    0.20385
0.53077    0.20385
0.56795    0.20385
0.60513    0.20385
0.64231    0.20385
0.67949    0.20385
0.71667    0.20385
0.75385    0.20385
0.79103    0.20385
0.82821    0.20385
0.86538    0.20385
0.90256    0.20385
0.93974    0.20385
0.97692    0.20385
1.0141    0.20385
1.0513    0.20385
1.0885    0.20385
1.1256    0.20385
1.1628    0.20385
1.2    0.20385
-0.25    0.21538
-0.21282    0.21538
-0.17564    0.21538
-0.13846    0.21538
-0.10128    0.21538
-0.064103    0.21538
-0.026923    0.21538
0.010256    0.21538
0.047436    0.21538
0.084615    0.21538
0.12179    0.21538
0.15897    0.21538
0.19615    0.21538
0.23333    0.21538
0.27051    0.21538
0.30769    0.21538
0.34487    0.21538
0.38205    0.21538
0.41923    0.21538
0.45641    0.21538
0.49359    0.21538
0.53077    0.21538
0.56795    0.21538
0.60513    0.21538
0.64231    0.21538
0.67949    0.21538
0.71667    0.21538
0.75385    0.21538
0.79103    0.21538
0.82821    0.21538
0.86538    0.21538
0.90256    0.21538
0.93974    0.21538
0.97692    0.21538
1.0141    0.21538
1.0513    0.21538
1.0885    0.21538
1.1256    0.21538
1.1628    0.21538
1.2    0.21538
-0.25    0.22692
-0.21282    0.22692
-0.17564    0.22692
-0.13846    0.22692
-0.10128    0.22692
-0.064103    0.22692
-0.026923    0.22692
0.010256    0.22692
0.047436    0.22692
0.084615    0.22692
0.12179    0.22692
0.15897    0.22692
0.19615    0.22692
0.23333    0.22692
0.27051    0.22692
0.30769    0.22692
0.34487    0.22692
0.38205    0.22692
0.41923    0.22692
0.45641    0.22692
0.49359    0.22692
0.53077    0.22692
0.56795    0.22692
0.60513    0.22692
0.64231    0.22692
0.67949    0.22692
0.71667    0.22692
0.75385    0.22692
0.79103    0.22692
0.82821    0.22692
0.86538    0.22692
0.90256    0.22692
0.93974    0.22692
0.97692    0.22692
1.0141    0.22692
1.0513    0.22692
1.0885    0.22692
1.1256    0.22692
1.1628    0.22692
1.2    0.22692
-0.25    0.23846
-0.21282    0.23846
-0.17564    0.23846
-0.13846    0.23846
-0.10128    0.23846
-0.064103    0.23846
-0.026923    0.23846
0.010256    0.23846
0.047436    0.23846
0.084615    0.23846
0.12179    0.23846
0.15897    0.23846
0.19615    0.23846
0.23333    0.23846
0.27051    0.23846
0.30769    0.23846
0.34487    0.23846
0.38205    0.23846
0.41923    0.23846
0.45641    0.23846
0.49359    0.23846
0.53077    0.23846
0.56795    0.23846
0.60513    0.23846
0.64231    0.23846
0.67949    0.23846
0.71667    0.23846
0.75385    0.23846
0.79103    0.23846
0.82821    0.23846
0.86538    0.23846
0.90256    0.23846
0.93974    0.23846
0.97692    0.23846
1.0141    0.23846
1.0513    0.23846
1.0885    0.23846
1.1256    0.23846
1.1628    0.23846
1.2    0.23846
-0.25    0.25
-0.21282    0.25
-0.17564    0.25
-0.13846    0.25
-0.10128    0.25
-0.064103    0.25
-0.026923    0.25
0.010256    0.25
0.047436    0.25
0.084615    0.25
0.12179    0.25
0.15897    0.25
0.19615    0.25
0.23333    0.25
0.27051    0.25
0.30769    0.25
0.34487    0.25
0.38205    0.25
0.41923    0.25
0.45641    0.25
0.49359    0.25
0.53077    0.25
0.56795    0.25
0.60513    0.25
0.64231    0.25
0.67949    0.25
0.71667    0.25
0.75385    0.25
0.79103    0.25
0.82821    0.25
0.86538    0.25
0.90256    0.25
0.93974    0.25
0.97692    0.25
1.0141    0.25
1.0513    0.25
1.0885    0.25
1.1256    0.25
1.1628    0.25
1.2    0.25